9908 10000
7551 9450
9450 7425
7425 5390
5390 6277
6277 5512
5512 9153
9153 6632
6632 3295
3295 342
342 3224
3224 9558
9558 5943
5943 5251
5251 4225
4225 3576
3576 6273
6273 1004
1004 169
169 6184
6184 316
316 5369
5369 4789
4789 4797
4797 7875
7875 8266
8266 4796
4796 6910
6910 3283
3283 3619
3619 3397
3397 6528
6528 1139
1139 4209
4209 7508
7508 4595
4595 5663
5663 7131
7131 1813
1813 64
64 1978
1978 8404
8404 4149
4149 5088
5088 2715
2715 3639
3639 6490
6490 3031
3031 453
453 2777
2777 9398
9398 3357
3357 9147
9147 3419
3419 6674
6674 6330
6330 2411
2411 1322
1322 3794
3794 521
521 1537
1537 6502
6502 2588
2588 9539
9539 5562
5562 6130
6130 4123
4123 57
57 8045
8045 6848
6848 3013
3013 2516
2516 6261
6261 8034
8034 7890
7890 8579
8579 8699
8699 1134
1134 6112
6112 7745
7745 1404
1404 3825
3825 7195
7195 1880
1880 6389
6389 7061
7061 2463
2463 1343
1343 9499
9499 8466
8466 7423
7423 517
517 9791
9791 5792
5792 8906
8906 931
931 3767
3767 2243
2243 2544
2544 1457
1457 507
507 6346
6346 4226
4226 1869
1869 150
150 6961
6961 4954
4954 5885
5885 9421
9421 6315
6315 8052
8052 3531
3531 8288
8288 2825
2825 2623
2623 9806
9806 2347
2347 9844
9844 6558
6558 5859
5859 1855
1855 4190
4190 8783
8783 6425
6425 5345
5345 267
267 1747
1747 723
723 6056
6056 3501
3501 8172
8172 2559
2559 4597
4597 910
910 1939
1939 4030
4030 9585
9585 4131
4131 3970
3970 1166
1166 6863
6863 5866
5866 8267
8267 108
108 4247
4247 8239
8239 1959
1959 7280
7280 403
403 9706
9706 5558
5558 6487
6487 4330
4330 736
736 7450
7450 3112
3112 9795
9795 3081
3081 9113
9113 4234
4234 2450
2450 8960
8960 6211
6211 7357
7357 5993
5993 3869
3869 2104
2104 3248
3248 3633
3633 2003
2003 6862
6862 2915
2915 63
63 488
488 3313
3313 295
295 3292
3292 151
151 917
917 6205
6205 1399
1399 1566
1566 2562
2562 8816
8816 9491
9491 7011
7011 6238
6238 4125
4125 7411
7411 675
675 4866
4866 9875
9875 8999
8999 5141
5141 5773
5773 4780
4780 4927
4927 2334
2334 6831
6831 4207
4207 8412
8412 1025
1025 8505
8505 7704
7704 4681
4681 8704
8704 3559
3559 6289
6289 180
180 6508
6508 4710
4710 4660
4660 8838
8838 8233
8233 8341
8341 7640
7640 184
184 9762
9762 6105
6105 9693
9693 8241
8241 6785
6785 9204
9204 5753
5753 8596
8596 9354
9354 7321
7321 9177
9177 5857
5857 9906
9906 4460
4460 1041
1041 4916
4916 3030
3030 4198
4198 9317
9317 1424
1424 2148
2148 1987
1987 4583
4583 6537
6537 4747
4747 3267
3267 907
907 7789
7789 4013
4013 8123
8123 5012
5012 5963
5963 4306
4306 6391
6391 6218
6218 1455
1455 522
522 323
323 4374
4374 2947
2947 7846
7846 3552
3552 3523
3523 7112
7112 9175
9175 8189
8189 7263
7263 3830
3830 1162
1162 9220
9220 4612
4612 2997
2997 9654
9654 8413
8413 4906
4906 7791
7791 9357
9357 322
322 4276
4276 6682
6682 9356
9356 2858
2858 3382
3382 7728
7728 8134
8134 1760
1760 215
215 755
755 7453
7453 600
600 8782
8782 5289
5289 4346
4346 742
742 5139
5139 4269
4269 7576
7576 6173
6173 29
29 5365
5365 2313
2313 796
796 7182
7182 8221
8221 9746
9746 9324
9324 949
949 4566
4566 2124
2124 3646
3646 7588
7588 7241
7241 4102
4102 3219
3219 9834
9834 7538
7538 6680
6680 8161
8161 7213
7213 7385
7385 1995
1995 3915
3915 4897
4897 8612
8612 6606
6606 5767
5767 4886
4886 5703
5703 6801
6801 2902
2902 5947
5947 41
41 5045
5045 6132
6132 7720
7720 6673
6673 5511
5511 174
174 8081
8081 149
149 7293
7293 2662
2662 1395
1395 2338
2338 4794
4794 1095
1095 8867
8867 1795
1795 6795
6795 9583
9583 2350
2350 2617
2617 7418
7418 3299
3299 9257
9257 2414
2414 4659
4659 7578
7578 1901
1901 8520
8520 4106
4106 6470
6470 554
554 3503
3503 5266
5266 298
298 2278
2278 7894
7894 4087
4087 718
718 8921
8921 2936
2936 2709
2709 9634
9634 7484
7484 6839
6839 9133
9133 1745
1745 4721
4721 4758
4758 239
239 2382
2382 8950
8950 7078
7078 7798
7798 8527
8527 6624
6624 1300
1300 2924
2924 5333
5333 7943
7943 9138
9138 157
157 1587
1587 1601
1601 2686
2686 4019
4019 620
620 6668
6668 8757
8757 6570
6570 3290
3290 576
576 1431
1431 9250
9250 1720
1720 4751
4751 3581
3581 9869
9869 7289
7289 3453
3453 2372
2372 3354
3354 9656
9656 6305
6305 6572
6572 9394
9394 3826
3826 5527
5527 1308
1308 2531
2531 2954
2954 903
903 1679
1679 2427
2427 5875
5875 5000
5000 9034
9034 3921
3921 3102
3102 2207
2207 303
303 2161
2161 1260
1260 8983
8983 9653
9653 1509
1509 8119
8119 7448
7448 5192
5192 5641
5641 6265
6265 8861
8861 4297
4297 2440
2440 9659
9659 3362
3362 4098
4098 8329
8329 9802
9802 4737
4737 5211
5211 9208
9208 7497
7497 1132
1132 9874
9874 9733
9733 5968
5968 4655
4655 7675
7675 7225
7225 3303
3303 7556
7556 6618
6618 6821
6821 1323
1323 222
222 995
995 989
989 1027
1027 5790
5790 5260
5260 544
544 4991
4991 422
422 6645
6645 915
915 9563
9563 3889
3889 4305
4305 2594
2594 6534
6534 3655
3655 8673
8673 1546
1546 1150
1150 6350
6350 3626
3626 9452
9452 4325
4325 6357
6357 1805
1805 5954
5954 4493
4493 3821
3821 5549
5549 6371
6371 9399
9399 883
883 3541
3541 2511
2511 6432
6432 3778
3778 9382
9382 1515
1515 9056
9056 459
459 3059
3059 5126
5126 1144
1144 6295
6295 6805
6805 7267
7267 6172
6172 3536
3536 1061
1061 3264
3264 8087
8087 5619
5619 6309
6309 878
878 264
264 6988
6988 9620
9620 1647
1647 8440
8440 9561
9561 9054
9054 1498
1498 1526
1526 2808
2808 8203
8203 5698
5698 6960
6960 4835
4835 1214
1214 428
428 6472
6472 5055
5055 2955
2955 2446
2446 9311
9311 3143
3143 1040
1040 661
661 9038
9038 4584
4584 8391
8391 8696
8696 1766
1766 3344
3344 3371
3371 1732
1732 7132
7132 5732
5732 470
470 2737
2737 128
128 5985
5985 7899
7899 2852
2852 1496
1496 9024
9024 4026
4026 6989
6989 4161
4161 477
477 8984
8984 5876
5876 3829
3829 7947
7947 6072
6072 798
798 4757
4757 2941
2941 8829
8829 7723
7723 2784
2784 4580
4580 9465
9465 4523
4523 9342
9342 7134
7134 9475
9475 6223
6223 1368
1368 6480
6480 1376
1376 5238
5238 8446
8446 2501
2501 1374
1374 3987
3987 3992
3992 6845
6845 168
168 4697
4697 8047
8047 251
251 9349
9349 6262
6262 3809
3809 5444
5444 7318
7318 2908
2908 4756
4756 9441
9441 3981
3981 7298
7298 8410
8410 1320
1320 7310
7310 6453
6453 7540
7540 2517
2517 4440
4440 6230
6230 1059
1059 4362
4362 6269
6269 1136
1136 381
381 384
384 6672
6672 8064
8064 573
573 6792
6792 6846
6846 5119
5119 7147
7147 8331
8331 1188
1188 2146
2146 2708
2708 8648
8648 5741
5741 9877
9877 55
55 4553
4553 2831
2831 400
400 5407
5407 5694
5694 2087
2087 3670
3670 7476
7476 4619
4619 1151
1151 7306
7306 6264
6264 6254
6254 365
365 4450
4450 3144
3144 8566
8566 3972
3972 5165
5165 8928
8928 3800
3800 799
799 3330
3330 7436
7436 4617
4617 227
227 4661
4661 7049
7049 7173
7173 1826
1826 228
228 3460
3460 1478
1478 6152
6152 2692
2692 6084
6084 9736
9736 5080
5080 7988
7988 1916
1916 503
503 6338
6338 7750
7750 3004
3004 4885
4885 2008
2008 5795
5795 9418
9418 5798
5798 7659
7659 1131
1131 7255
7255 4822
4822 9459
9459 5316
5316 6467
6467 7849
7849 4203
4203 7113
7113 6509
6509 1176
1176 4883
4883 9449
9449 6133
6133 5930
5930 2118
2118 7192
7192 5910
5910 4973
4973 5354
5354 8502
8502 7288
7288 268
268 1708
1708 8028
8028 5295
5295 2655
2655 4404
4404 2344
2344 4859
4859 5366
5366 7197
7197 7856
7856 6429
6429 5508
5508 6167
6167 7489
7489 3217
3217 2404
2404 2403
2403 1836
1836 6158
6158 3286
3286 2419
2419 5843
5843 4478
4478 8595
8595 6850
6850 5877
5877 7717
7717 6578
6578 7337
7337 6723
6723 68
68 5884
5884 7649
7649 8844
8844 9507
9507 3590
3590 1186
1186 9322
9322 7687
7687 5637
5637 9375
9375 4363
4363 6018
6018 5125
5125 2649
2649 8739
8739 9406
9406 43
43 9752
9752 5706
5706 310
310 9723
9723 8470
8470 9285
9285 5383
5383 5585
5585 8393
8393 979
979 437
437 9078
9078 1246
1246 710
710 7907
7907 4
4 484
484 2145
2145 9498
9498 896
896 4319
4319 7749
7749 9606
9606 8388
8388 5981
5981 9778
9778 2116
2116 4383
4383 7344
7344 1736
1736 8281
8281 8181
8181 9164
9164 7416
7416 6037
6037 9622
9622 4432
4432 7684
7684 2155
2155 9574
9574 1723
1723 7706
7706 7912
7912 3631
3631 7040
7040 4399
4399 5066
5066 3052
3052 4505
4505 6257
6257 1297
1297 5275
5275 8424
8424 8963
8963 813
813 4744
4744 9557
9557 6468
6468 8130
8130 1945
1945 7858
7858 7236
7236 5636
5636 2775
2775 2620
2620 5517
5517 8793
8793 6549
6549 7045
7045 7903
7903 9601
9601 7198
7198 4748
4748 7334
7334 3824
3824 2920
2920 6758
6758 6501
6501 2121
2121 4718
4718 2266
2266 3854
3854 8039
8039 1315
1315 5917
5917 8252
8252 4160
4160 2428
2428 8873
8873 6734
6734 597
597 7721
7721 1009
1009 121
121 8802
8802 8569
8569 3026
3026 4089
4089 9483
9483 1012
1012 7738
7738 1015
1015 6564
6564 3999
3999 4182
4182 4388
4388 9433
9433 417
417 4786
4786 4022
4022 6513
6513 6852
6852 9185
9185 5840
5840 8583
8583 1022
1022 9255
9255 4168
4168 9444
9444 8334
8334 648
648 7977
7977 3230
3230 9384
9384 3765
3765 697
697 6639
6639 4430
4430 2738
2738 5195
5195 2448
2448 6283
6283 5751
5751 7648
7648 3507
3507 9572
9572 7884
7884 4978
4978 7414
7414 3561
3561 3106
3106 702
702 1816
1816 3687
3687 9146
9146 8312
8312 2430
2430 1910
1910 3120
3120 7582
7582 5229
5229 8274
8274 7169
7169 4972
4972 9300
9300 7695
7695 1543
1543 1271
1271 6745
6745 9664
9664 3868
3868 8795
8795 7680
7680 1646
1646 9533
9533 8184
8184 8363
8363 6885
6885 6175
6175 9688
9688 2874
2874 6665
6665 1806
1806 7960
7960 7356
7356 9782
9782 7389
7389 3634
3634 7121
7121 6629
6629 6912
6912 429
429 7202
7202 5842
5842 5052
5052 7614
7614 376
376 894
894 9647
9647 5612
5612 97
97 1972
1972 6979
6979 7605
7605 7478
7478 8276
8276 4784
4784 6802
6802 9527
9527 6914
6914 6124
6124 1387
1387 551
551 5051
5051 5199
5199 3738
3738 3557
3557 6235
6235 5498
5498 6420
6420 260
260 5182
5182 2070
2070 8197
8197 2490
2490 2625
2625 7573
7573 5321
5321 9520
9520 1870
1870 7294
7294 3116
3116 901
901 2802
2802 7345
7345 8680
8680 1933
1933 5161
5161 4621
4621 3429
3429 3786
3786 8988
8988 6702
6702 8817
8817 9221
9221 109
109 4790
4790 6210
6210 2320
2320 8715
8715 6812
6812 7296
7296 5096
5096 4881
4881 6662
6662 4419
4419 2886
2886 9902
9902 7811
7811 2842
2842 2480
2480 127
127 880
880 9323
9323 8841
8841 6276
6276 6234
6234 7340
7340 3500
3500 809
809 7761
7761 534
534 3466
3466 6869
6869 3394
3394 2156
2156 6140
6140 7218
7218 2833
2833 1593
1593 2126
2126 1242
1242 185
185 4138
4138 1567
1567 5378
5378 7024
7024 2864
2864 3115
3115 9599
9599 5957
5957 8801
8801 8476
8476 1037
1037 4995
4995 1462
1462 8094
8094 258
258 7181
7181 1224
1224 8133
8133 4254
4254 5909
5909 3280
3280 7243
7243 3437
3437 8658
8658 3043
3043 8574
8574 8634
8634 1016
1016 6987
6987 72
72 8361
8361 9865
9865 8305
8305 1827
1827 9461
9461 2020
2020 2836
2836 2661
2661 7809
7809 1958
1958 6310
6310 1789
1789 4658
4658 12
12 9060
9060 3940
3940 6443
6443 1912
1912 2952
2952 1640
1640 7557
7557 5358
5358 3366
3366 7322
7322 5149
5149 8720
8720 9784
9784 7945
7945 4701
4701 6938
6938 2151
2151 114
114 8794
8794 9907
9907 4948
4948 7452
7452 9591
9591 5913
5913 8731
8731 6477
6477 3480
3480 1898
1898 5033
5033 6304
6304 8895
8895 5827
5827 5404
5404 8258
8258 4732
4732 3041
3041 766
766 3285
3285 7713
7713 4862
4862 6328
6328 3716
3716 5506
5506 1310
1310 3843
3843 2804
2804 1118
1118 4300
4300 6317
6317 5448
5448 487
487 214
214 4379
4379 9282
9282 6148
6148 8073
8073 1834
1834 9041
9041 5524
5524 3416
3416 1471
1471 3235
3235 6306
6306 5899
5899 6799
6799 3334
3334 5050
5050 634
634 9537
9537 5160
5160 2614
2614 3904
3904 7859
7859 8860
8860 4700
4700 1103
1103 7120
7120 9361
9361 2608
2608 3490
3490 7502
7502 1828
1828 8314
8314 8587
8587 3148
3148 6489
6489 8151
8151 7753
7753 6451
6451 9758
9758 527
527 5355
5355 6405
6405 2723
2723 8012
8012 9059
9059 5339
5339 7787
7787 7196
7196 5648
5648 8272
8272 5374
5374 893
893 8359
8359 8381
8381 6619
6619 1908
1908 7639
7639 7862
7862 8375
8375 5458
5458 7054
7054 7731
7731 9405
9405 1872
1872 4343
4343 2632
2632 3969
3969 8734
8734 1769
1769 1469
1469 162
162 3849
3849 1536
1536 1600
1600 1672
1672 8548
8548 6162
6162 6740
6740 4487
4487 1120
1120 1018
1018 1289
1289 525
525 1182
1182 7372
7372 4038
4038 3036
3036 9587
9587 6700
6700 4543
4543 2752
2752 5845
5845 4830
4830 1251
1251 9412
9412 7922
7922 7519
7519 1710
1710 6303
6303 4708
4708 1865
1865 8885
8885 9888
9888 7626
7626 2471
2471 6166
6166 113
113 5081
5081 5590
5590 1026
1026 5686
5686 3779
3779 2072
2072 229
229 5441
5441 6664
6664 6602
6602 1614
1614 269
269 9366
9366 9268
9268 5995
5995 6351
6351 9859
9859 4513
4513 5469
5469 1539
1539 2405
2405 4999
4999 3638
3638 438
438 1818
1818 1433
1433 5974
5974 1642
1642 1209
1209 6737
6737 6893
6893 1530
1530 3448
3448 1935
1935 3376
3376 1321
1321 8398
8398 2474
2474 2781
2781 869
869 6352
6352 2578
2578 8745
8745 5679
5679 7154
7154 2235
2235 924
924 9083
9083 1944
1944 3001
3001 9404
9404 1932
1932 2053
2053 5800
5800 5838
5838 5571
5571 5638
5638 8317
8317 4803
4803 5155
5155 2733
2733 9273
9273 3842
3842 6122
6122 9159
9159 9432
9432 5486
5486 6285
6285 3056
3056 5360
5360 6183
6183 5678
5678 5824
5824 4187
4187 2618
2618 7235
7235 4191
4191 6441
6441 2693
2693 439
439 9424
9424 4778
4778 4142
4142 3609
3609 1218
1218 8747
8747 8985
8985 7609
7609 6214
6214 4812
4812 1594
1594 8536
8536 632
632 7269
7269 696
696 552
552 1666
1666 9476
9476 3797
3797 3858
3858 3271
3271 7317
7317 988
988 9867
9867 6077
6077 8955
8955 3049
3049 5731
5731 5822
5822 5331
5331 8319
8319 6855
6855 3126
3126 6600
6600 4096
4096 2907
2907 2285
2285 4604
4604 4923
4923 7271
7271 9033
9033 4039
4039 5860
5860 1637
1637 5644
5644 7005
7005 7063
7063 3668
3668 1173
1173 5041
5041 1039
1039 1883
1883 5310
5310 5484
5484 4852
4852 3310
3310 4390
4390 881
881 4479
4479 1137
1137 1568
1568 6418
6418 4691
4691 5152
5152 7879
7879 7249
7249 2339
2339 8968
8968 5810
5810 1226
1226 708
708 5320
5320 6046
6046 8500
8500 5476
5476 4899
4899 8343
8343 2191
2191 7549
7549 409
409 1075
1075 5357
5357 2934
2934 9594
9594 892
892 9639
9639 5833
5833 1502
1502 490
490 9362
9362 5087
5087 3725
3725 1896
1896 5566
5566 1750
1750 8695
8695 583
583 3751
3751 3740
3740 1574
1574 5814
5814 7953
7953 5147
5147 2241
2241 6804
6804 7189
7189 8607
8607 9229
9229 9882
9882 2138
2138 6631
6631 5043
5043 1741
1741 3928
3928 9346
9346 3100
3100 4122
4122 9270
9270 6368
6368 1762
1762 7515
7515 3406
3406 5408
5408 3192
3192 165
165 6232
6232 4063
4063 2921
2921 7491
7491 1403
1403 8246
8246 193
193 5976
5976 5279
5279 3445
3445 2082
2082 7872
7872 6004
6004 6807
6807 916
916 603
603 2667
2667 1562
1562 2991
2991 1887
1887 2009
2009 6793
6793 9231
9231 102
102 1597
1597 1019
1019 1749
1749 6591
6591 6608
6608 8748
8748 4680
4680 8411
8411 8621
8621 770
770 6482
6482 4384
4384 5203
5203 8644
8644 5157
5157 2378
2378 2295
2295 226
226 4473
4473 4964
4964 8346
8346 1288
1288 5779
5779 6347
6347 7300
7300 8836
8836 861
861 4586
4586 8776
8776 8510
8510 2597
2597 7744
7744 1824
1824 6777
6777 1575
1575 1752
1752 3145
3145 8799
8799 9812
9812 7361
7361 2856
2856 5918
5918 9506
9506 221
221 4437
4437 8879
8879 9771
9771 4133
4133 299
299 9685
9685 2815
2815 6326
6326 827
827 3157
3157 6221
6221 9482
9482 8913
8913 4535
4535 3274
3274 4382
4382 688
688 9157
9157 5791
5791 4412
4412 5083
5083 4115
4115 125
125 8823
8823 7150
7150 3262
3262 3352
3352 8472
8472 4974
4974 2443
2443 4845
4845 4911
4911 2324
2324 6768
6768 7596
7596 3137
3137 6377
6377 3828
3828 6053
6053 5121
5121 8457
8457 5218
5218 7364
7364 7747
7747 6685
6685 181
181 1660
1660 8155
8155 3692
3692 7612
7612 7245
7245 3346
3346 4815
4815 9884
9884 7632
7632 4471
4471 4924
4924 3884
3884 8086
8086 9374
9374 8997
8997 3941
3941 2510
2510 3245
3245 3412
3412 3757
3757 4186
4186 7834
7834 3792
3792 6379
6379 5603
5603 2395
2395 8333
8333 8727
8727 5188
5188 5443
5443 7982
7982 6756
6756 8600
8600 3780
3780 1559
1559 9149
9149 5808
5808 8532
8532 8156
8156 2680
2680 9440
9440 3669
3669 6094
6094 7550
7550 461
461 167
167 6978
6978 1917
1917 1094
1094 7066
7066 9830
9830 3847
3847 9590
9590 9402
9402 2866
2866 4648
4648 9079
9079 9379
9379 4516
4516 4528
4528 7072
7072 2541
2541 5198
5198 9425
9425 93
93 4339
4339 1190
1190 8578
8578 7952
7952 9214
9214 6440
6440 1263
1263 5288
5288 6355
6355 4813
4813 6081
6081 533
533 941
941 1774
1774 1401
1401 9260
9260 7168
7168 5423
5423 7156
7156 2283
2283 4461
4461 4447
4447 3000
3000 4755
4755 6882
6882 2357
2357 2640
2640 4284
4284 1734
1734 2762
2762 9577
9577 4445
4445 1119
1119 3882
3882 2033
2033 7657
7657 4017
4017 5361
5361 3229
3229 4570
4570 9066
9066 9619
9619 6959
6959 8011
8011 4861
4861 4625
4625 8120
8120 1067
1067 2273
2273 9135
9135 5975
5975 6603
6603 4377
4377 2467
2467 9400
9400 3343
3343 1446
1446 8249
8249 3213
3213 8899
8899 4041
4041 8664
8664 2494
2494 8309
8309 2410
2410 350
350 9846
9846 5449
5449 9343
9343 8289
8289 5915
5915 4301
4301 7295
7295 4114
4114 9544
9544 8402
8402 8706
8706 8366
8366 2799
2799 7794
7794 9152
9152 4892
4892 7402
7402 8847
8847 8992
8992 9099
9099 3494
3494 5785
5785 4258
4258 7904
7904 4781
4781 505
505 8318
8318 6516
6516 6388
6388 4912
4912 5916
5916 4981
4981 2642
2642 5470
5470 1904
1904 803
803 4935
4935 7228
7228 3749
3749 4311
4311 3875
3875 4336
4336 3979
3979 3092
3092 9125
9125 5219
5219 599
599 751
751 5253
5253 959
959 8993
8993 2122
2122 1230
1230 2437
2437 9247
9247 1934
1934 3415
3415 9335
9335 3813
3813 8708
8708 838
838 2392
2392 1997
1997 958
958 8017
8017 3195
3195 6200
6200 7406
7406 4335
4335 3389
3389 242
242 9682
9682 6851
6851 1808
1808 6896
6896 2190
2190 7084
7084 2239
2239 6859
6859 1929
1929 7598
7598 4734
4734 9258
9258 6584
6584 6161
6161 5721
5721 2533
2533 3247
3247 6969
6969 6048
6048 4294
4294 2944
2944 7431
7431 8550
8550 8421
8421 5643
5643 7299
7299 3852
3852 8362
8362 9458
9458 768
768 9000
9000 3432
3432 4188
4188 8792
8792 8285
8285 9636
9636 2569
2569 4117
4117 249
249 895
895 1180
1180 5450
5450 7521
7521 6128
6128 8778
8778 2573
2573 5396
5396 4631
4631 4498
4498 7396
7396 3196
3196 3885
3885 2875
2875 3955
3955 5807
5807 7105
7105 1522
1522 1645
1645 4846
4846 3099
3099 9632
9632 6213
6213 5774
5774 2735
2735 3246
3246 4252
4252 3715
3715 1274
1274 7778
7778 4068
4068 2272
2272 1864
1864 9770
9770 6026
6026 7089
7089 7813
7813 2783
2783 2288
2288 5384
5384 7905
7905 6667
6667 7006
7006 6994
6994 5014
5014 2469
2469 4847
4847 4579
4579 9508
9508 191
191 1947
1947 7996
7996 1501
1501 9630
9630 9514
9514 1161
1161 9061
9061 4251
4251 3502
3502 4890
4890 8340
8340 1783
1783 3436
3436 9332
9332 5322
5322 3055
3055 1822
1822 4469
4469 7401
7401 3622
3622 2218
2218 9573
9573 2638
2638 8599
8599 7967
7967 4770
4770 9697
9697 7347
7347 5645
5645 3446
3446 1579
1579 1919
1919 3782
3782 313
313 1127
1127 2433
2433 9597
9597 9744
9744 1925
1925 5829
5829 9471
9471 284
284 7822
7822 8450
8450 4963
4963 5747
5747 5882
5882 9451
9451 8447
8447 7187
7187 1312
1312 3950
3950 5371
5371 1076
1076 4930
4930 1993
1993 3142
3142 5799
5799 6535
6535 3553
3553 7708
7708 3753
3753 8192
8192 8901
8901 9063
9063 3070
3070 8735
8735 9446
9446 5409
5409 6381
6381 2010
2010 3069
3069 9727
9727 8627
8627 8738
8738 3616
3616 6279
6279 7382
7382 3693
3693 3125
3125 1199
1199 7369
7369 1829
1829 729
729 2236
2236 5979
5979 1984
1984 219
219 9165
9165 3413
3413 3606
3606 6997
6997 9472
9472 6819
6819 7376
7376 9807
9807 7211
7211 6716
6716 8753
8753 5015
5015 1055
1055 3540
3540 5748
5748 1328
1328 9554
9554 5048
5048 2085
2085 3191
3191 8385
8385 6838
6838 331
331 7637
7637 3562
3562 5169
5169 2476
2476 5544
5544 159
159 5723
5723 4359
4359 3661
3661 27
27 5281
5281 3393
3393 9505
9505 9287
9287 3428
3428 6331
6331 7116
7116 9690
9690 7946
7946 1514
1514 1915
1915 8559
8559 7281
7281 213
213 5463
5463 6923
6923 7042
7042 6928
6928 7456
7456 6439
6439 4848
4848 7457
7457 5545
5545 5639
5639 7400
7400 5522
5522 92
92 412
412 9321
9321 9201
9201 5353
5353 4023
4023 5621
5621 3511
3511 1065
1065 6974
6974 1385
1385 1582
1582 5277
5277 131
131 6683
6683 6461
6461 3021
3021 2055
2055 2971
2971 4824
4824 3469
3469 8939
8939 1117
1117 6353
6353 5208
5208 2754
2754 337
337 8877
8877 2748
2748 8182
8182 2732
2732 973
973 9679
9679 5758
5758 7327
7327 2498
2498 3351
3351 7244
7244 8702
8702 6244
6244 3543
3543 6865
6865 6972
6972 1164
1164 4356
4356 1383
1383 6449
6449 7346
7346 8840
8840 8533
8533 2690
2690 3708
3708 2910
2910 480
480 7642
7642 8255
8255 2927
2927 5247
5247 345
345 9618
9618 758
758 7688
7688 6615
6615 4762
4762 8454
8454 15
15 3400
3400 3323
3323 5124
5124 84
84 9058
9058 6800
6800 2420
2420 9828
9828 1384
1384 553
553 676
676 3537
3537 9261
9261 2327
2327 6926
6926 5413
5413 6268
6268 178
178 7804
7804 7316
7316 587
587 6658
6658 4855
4855 4065
4065 7826
7826 739
739 6887
6887 1531
1531 6616
6616 8389
8389 6770
6770 2807
2807 1737
1737 566
566 2323
2323 7622
7622 134
134 4107
4107 5569
5569 4264
4264 1823
1823 4713
4713 1706
1706 6137
6137 5692
5692 2948
2948 6181
6181 666
666 500
500 1513
1513 7950
7950 2585
2585 2713
2713 3572
3572 9245
9245 5984
5984 190
190 203
203 3896
3896 1627
1627 8453
8453 7620
7620 5991
5991 1643
1643 693
693 7009
7009 2418
2418 7783
7783 795
795 2550
2550 4910
4910 1057
1057 6525
6525 234
234 5606
5606 8262
8262 3367
3367 7194
7194 4298
4298 6547
6547 3383
3383 1454
1454 6131
6131 5534
5534 2005
2005 7036
7036 4945
4945 7932
7932 7624
7624 5307
5307 430
430 7593
7593 7987
7987 2681
2681 2035
2035 6274
6274 3068
3068 5971
5971 5734
5734 7124
7124 5722
5722 6246
6246 7353
7353 201
201 3998
3998 9392
9392 7071
7071 8038
8038 4428
4428 8164
8164 8775
8775 3463
3463 8691
8691 656
656 5533
5533 4344
4344 4409
4409 1704
1704 1604
1604 6788
6788 6527
6527 2764
2764 311
311 373
373 3418
3418 2982
2982 4441
4441 4925
4925 7209
7209 8609
8609 8709
8709 7106
7106 3326
3326 9279
9279 9202
9202 3871
3871 2890
2890 17
17 1540
1540 1782
1782 467
467 4863
4863 2276
2276 2204
2204 5327
5327 4173
4173 7660
7660 4494
4494 8091
8091 9327
9327 3094
3094 8556
8556 3967
3967 6776
6776 411
411 3608
3608 4134
4134 6643
6643 378
378 9552
9552 8259
8259 2581
2581 6014
6014 3205
3205 2304
2304 818
818 1657
1657 4518
4518 1128
1128 4010
4010 519
519 7180
7180 7700
7700 3266
3266 8417
8417 858
858 950
950 4646
4646 9468
9468 307
307 7806
7806 9899
9899 6145
6145 1656
1656 2687
2687 2868
2868 9234
9234 888
888 1417
1417 3322
3322 7155
7155 2105
2105 8750
8750 1014
1014 3613
3613 6722
6722 6364
6364 8356
8356 8868
8868 4029
4029 5854
5854 445
445 876
876 8499
8499 2873
2873 6503
6503 3223
3223 2593
2593 783
783 4988
4988 4547
4547 2985
2985 3063
3063 5960
5960 5113
5113 7191
7191 6495
6495 4061
4061 9638
9638 7867
7867 5654
5654 933
933 4256
4256 899
899 6594
6594 4278
4278 8800
8800 1743
1743 51
51 1589
1589 4941
4941 2185
2185 7726
7726 1969
1969 1900
1900 6359
6359 9701
9701 8883
8883 3894
3894 6519
6519 7328
7328 1778
1778 4937
4937 9559
9559 3238
3238 1002
1002 5095
5095 6811
6811 3923
3923 9525
9525 897
897 2546
2546 2240
2240 5091
5091 9111
9111 5395
5395 1698
1698 2688
2688 3789
3789 5509
5509 2878
2878 5680
5680 5445
5445 9502
9502 3804
3804 4235
4235 5419
5419 4717
4717 1261
1261 3770
3770 1953
1953 9836
9836 9742
9742 4808
4808 698
698 434
434 4219
4219 6085
6085 4272
4272 5769
5769 7936
7936 921
921 7465
7465 5271
5271 8046
8046 2238
2238 1392
1392 6605
6605 3105
3105 9703
9703 7865
7865 7381
7381 8121
8121 3166
3166 2165
2165 5718
5718 4685
4685 1825
1825 1621
1621 357
357 6687
6687 5716
5716 1636
1636 2800
2800 2719
2719 8744
8744 860
860 2526
2526 9298
9298 5804
5804 4147
4147 197
197 1248
1248 8060
8060 4871
4871 3723
3723 6447
6447 828
828 8951
8951 6074
6074 615
615 4172
4172 7315
7315 9588
9588 5010
5010 1950
1950 8401
8401 8642
8642 8373
8373 9377
9377 3319
3319 3691
3691 6593
6593 7058
7058 2321
2321 8530
8530 1430
1430 3614
3614 4050
4050 6984
6984 5474
5474 7698
7698 1351
1351 9109
9109 8862
8862 1949
1949 1858
1858 118
118 1411
1411 3335
3335 9809
9809 8273
8273 8937
8937 8539
8539 5252
5252 9823
9823 9179
9179 1287
1287 8519
8519 4908
4908 3645
3645 9367
9367 8477
8477 1649
1649 4904
4904 2137
2137 8842
8842 8760
8760 5929
5929 2870
2870 2426
2426 3007
3007 8390
8390 672
672 5973
5973 1311
1311 850
850 1667
1667 7954
7954 318
318 7795
7795 4127
4127 4500
4500 5131
5131 8640
8640 6621
6621 1101
1101 8415
8415 8966
8966 413
413 6620
6620 5966
5966 9698
9698 9473
9473 5241
5241 5575
5575 1907
1907 4196
4196 9299
9299 2160
2160 6694
6694 5750
5750 9900
9900 220
220 9783
9783 9225
9225 4495
4495 8804
8804 3526
3526 6473
6473 4279
4279 816
816 2330
2330 8066
8066 4555
4555 8522
8522 1563
1563 9238
9238 4426
4426 496
496 1955
1955 9722
9722 900
900 4798
4798 4425
4425 1930
1930 8679
8679 2824
2824 9393
9393 3550
3550 385
385 1114
1114 5755
5755 1862
1862 7592
7592 6941
6941 824
824 7803
7803 7724
7724 9142
9142 7083
7083 7767
7767 7472
7472 7775
7775 309
309 4521
4521 7146
7146 3905
3905 163
163 6930
6930 8970
8970 7956
7956 7031
7031 2782
2782 3799
3799 8563
8563 9492
9492 2192
2192 272
272 3879
3879 5584
5584 4884
4884 733
733 6636
6636 8517
8517 8652
8652 8364
8364 8832
8832 8140
8140 1738
1738 7432
7432 1690
1690 2319
2319 75
75 6917
6917 262
262 9344
9344 771
771 5026
5026 5009
5009 8635
8635 9080
9080 4926
4926 2361
2361 7199
7199 3212
3212 296
296 8380
8380 196
196 6047
6047 1063
1063 1056
1056 9077
9077 4593
4593 865
865 1956
1956 8728
8728 3360
3360 5821
5821 4860
4860 5385
5385 2728
2728 618
618 5144
5144 1985
1985 3281
3281 7800
7800 3545
3545 4337
4337 3097
3097 4970
4970 2537
2537 2041
2041 8998
8998 9333
9333 4438
4438 2193
2193 4624
4624 4324
4324 9453
9453 9497
9497 3312
3312 5764
5764 8191
8191 4610
4610 8894
8894 5164
5164 8724
8724 1291
1291 6324
6324 5069
5069 1692
1692 4699
4699 1730
1730 3423
3423 3721
3721 1340
1340 7628
7628 8468
8468 3710
3710 7378
7378 265
265 7404
7404 7638
7638 7886
7886 1277
1277 5640
5640 8766
8766 4997
4997 5825
5825 7525
7525 8469
8469 7524
7524 2502
2502 2144
2144 9615
9615 977
977 6142
6142 7320
7320 4515
4515 2552
2552 1270
1270 2220
2220 6151
6151 6159
6159 8251
8251 8209
8209 3535
3535 4181
4181 538
538 5388
5388 6192
6192 9297
9297 7881
7881 6333
6333 7070
7070 1686
1686 1153
1153 5036
5036 5239
5239 1428
1428 1152
1152 4992
4992 7812
7812 3929
3929 832
832 5332
5332 1507
1507 5473
5473 3211
3211 7645
7645 8996
8996 7494
7494 1962
1962 7587
7587 6540
6540 8297
8297 5350
5350 2570
2570 4947
4947 3771
3771 2602
2602 8190
8190 4112
4112 62
62 1719
1719 2521
2521 3560
3560 389
389 3121
3121 1338
1338 1463
1463 4529
4529 3045
3045 5297
5297 2181
2181 6424
6424 7268
7268 6822
6822 8813
8813 1549
1549 2416
2416 6103
6103 3451
3451 3748
3748 4816
4816 3329
3329 8826
8826 2100
2100 4120
4120 5186
5186 8916
8916 4027
4027 3216
3216 8570
8570 3193
3193 2560
2560 8721
8721 4873
4873 107
107 9206
9206 1071
1071 3340
3340 6551
6551 6272
6272 6556
6556 7766
7766 6867
6867 6762
6762 4393
4393 4922
4922 7226
7226 4557
4557 8293
8293 7492
7492 8954
8954 937
937 2622
2622 9658
9658 7613
7613 1837
1837 4894
4894 6416
6416 9555
9555 2203
2203 8573
8573 4772
4772 2301
2301 9244
9244 6976
6976 2810
2810 2545
2545 1570
1570 9522
9522 4146
4146 6370
6370 2918
2918 139
139 2245
2245 2803
2803 3401
3401 2168
2168 1412
1412 4792
4792 7604
7604 8646
8646 2635
2635 6797
6797 65
65 5313
5313 8117
8117 9757
9757 3239
3239 2658
2658 4370
4370 9407
9407 8459
8459 4590
4590 195
195 7997
7997 7667
7667 4403
4403 2393
2393 1669
1669 4719
4719 4178
4178 2371
2371 6080
6080 1362
1362 198
198 6494
6494 5763
5763 2660
2660 5389
5389 3988
3988 8811
8811 271
271 3504
3504 7141
7141 3135
3135 8508
8508 6526
6526 1506
1506 1605
1605 1482
1482 1175
1175 21
21 5801
5801 6039
6039 8308
8308 8098
8098 6888
6888 5711
5711 7742
7742 1389
1389 2892
2892 3019
3019 4006
4006 4427
4427 6688
6688 3952
3952 1727
1727 1443
1443 2743
2743 7513
7513 6318
6318 2822
2822 3883
3883 8657
8657 8232
8232 5094
5094 137
137 5793
5793 8618
8618 2555
2555 6949
6949 6692
6692 246
246 6701
6701 2819
2819 4368
4368 6198
6198 4287
4287 5085
5085 440
440 834
834 9291
9291 2333
2333 3409
3409 8562
8562 6755
6755 831
831 6005
6005 1429
1429 593
593 8345
8345 1525
1525 6780
6780 8534
8534 8765
8765 2479
2479 59
59 3968
3968 4070
4070 2736
2736 6366
6366 6415
6415 2676
2676 968
968 111
111 3505
3505 7256
7256 3657
3657 6194
6194 7599
7599 3897
3897 8910
8910 9241
9241 1007
1007 4059
4059 9808
9808 9055
9055 73
73 891
891 8677
8677 4510
4510 8222
8222 0
0 3477
3477 8662
8662 1247
1247 3741
3741 8244
8244 9408
9408 3341
3341 7691
7691 6736
6736 9256
9256 7276
7276 6435
6435 3197
3197 952
952 6095
6095 7827
7827 2742
2742 30
30 2050
2050 2315
2315 2275
2275 6829
6829 2454
2454 60
60 8541
8541 1181
1181 8920
8920 5430
5430 4759
4759 4642
4642 5849
5849 2331
2331 5346
5346 6925
6925 2044
2044 866
866 3728
3728 9094
9094 4649
4649 7001
7001 7096
7096 8322
8322 9067
9067 1952
1952 8250
8250 737
737 4627
4627 5077
5077 5054
5054 5417
5417 5847
5847 9584
9584 1142
1142 3594
3594 4514
4514 7939
7939 1402
1402 2112
2112 1676
1676 1461
1461 5994
5994 1694
1694 1781
1781 2134
2134 2765
2765 2325
2325 4167
4167 7073
7073 1249
1249 2977
2977 1554
1554 8839
8839 6697
6697 6417
6417 8406
8406 5382
5382 9401
9401 2851
2851 5437
5437 7561
7561 3206
3206 7788
7788 8311
8311 504
504 640
640 1652
1652 2503
2503 3421
3421 3104
3104 7455
7455 6438
6438 6975
6975 3912
3912 782
782 6654
6654 6627
6627 4328
4328 8586
8586 6006
6006 3454
3454 7020
7020 3010
3010 3305
3305 4313
4313 7221
7221 2091
2091 9625
9625 273
273 9011
9011 8582
8582 4563
4563 4878
4878 9694
9694 8815
8815 8682
8682 6942
6942 4692
4692 3951
3951 7855
7855 3263
3263 6255
6255 5273
5273 5376
5376 250
250 4967
4967 9565
9565 5
5 1786
1786 1187
1187 348
348 4485
4485 1665
1665 6386
6386 4477
4477 5502
5502 1832
1832 3392
3392 9172
9172 2900
2900 4415
4415 8265
8265 2796
2796 8807
8807 1235
1235 7895
7895 4499
4499 1923
1923 1326
1326 9197
9197 9237
9237 6387
6387 8077
8077 5248
5248 6256
6256 3810
3810 6993
6993 9086
9086 7901
7901 2222
2222 5888
5888 2249
2249 4714
4714 6030
6030 8396
8396 5987
5987 5726
5726 6841
6841 8909
8909 8819
8819 4652
4652 6908
6908 9
9 2147
2147 9832
9832 5958
5958 2519
2519 1602
1602 9824
9824 7542
7542 4891
4891 9571
9571 548
548 2827
2827 4915
4915 7427
7427 9178
9178 5782
5782 8179
8179 7577
7577 8116
8116 2854
2854 4806
4806 3564
3564 5122
5122 2942
2942 1435
1435 3028
3028 8206
8206 6890
6890 35
35 9868
9868 847
847 1580
1580 8825
8825 2589
2589 6290
6290 8435
8435 6164
6164 9553
9553 867
867 6613
6613 8705
8705 4317
4317 8965
8965 8814
8814 1905
1905 9581
9581 951
951 6209
6209 5442
5442 1718
1718 6512
6512 8592
8592 9209
9209 6343
6343 5962
5962 9546
9546 9735
9735 9547
9547 9051
9051 6696
6696 8973
8973 9246
9246 8159
8159 4589
4589 1853
1853 4208
4208 330
330 555
555 7027
7027 8170
8170 2300
2300 5733
5733 3756
3756 2108
2108 9524
9524 132
132 9339
9339 1456
1456 6638
6638 85
85 3369
3369 2216
2216 495
495 1413
1413 6738
6738 8127
8127 5613
5613 3410
3410 5090
5090 9548
9548 2174
2174 3943
3943 2579
2579 8301
8301 3563
3563 2012
2012 8743
8743 7206
7206 3164
3164 7466
7466 9390
9390 2135
2135 7828
7828 370
370 3396
3396 1928
1928 4607
4607 3902
3902 4508
4508 8606
8606 2298
2298 1475
1475 2398
2398 2094
2094 8947
8947 2391
2391 8291
8291 2424
2424 255
255 369
369 5702
5702 9490
9490 6360
6360 2376
2376 4560
4560 7311
7311 2859
2859 3936
3936 2895
2895 3189
3189 9848
9848 4394
4394 6933
6933 281
281 3355
3355 449
449 3720
3720 5626
5626 6457
6457 7451
7451 5224
5224 6483
6483 6061
6061 1124
1124 9721
9721 6369
6369 4503
4503 7696
7696 5270
5270 7534
7534 7908
7908 3337
3337 4630
4630 8397
8397 9325
9325 6731
6731 1632
1632 8858
8858 9903
9903 6911
6911 855
855 2909
2909 5510
5510 1220
1220 7375
7375 8069
8069 3649
3649 135
135 8518
8518 6904
6904 1244
1244 1906
1906 6280
6280 9368
9368 8332
8332 7505
7505 7277
7277 6031
6031 6356
6356 8953
8953 3146
3146 446
446 515
515 6970
6970 8054
8054 4066
4066 2636
2636 6270
6270 8854
8854 6866
6866 9895
9895 2237
2237 2869
2869 6313
6313 9857
9857 4293
4293 3713
3713 8001
8001 9892
9892 3311
3311 3909
3909 5997
5997 8234
8234 6228
6228 5832
5832 4166
4166 7149
7149 1963
1963 3138
3138 774
774 7980
7980 3681
3681 4095
4095 1757
1757 1434
1434 2906
2906 7840
7840 3773
3773 8002
8002 1439
1439 4653
4653 6913
6913 7358
7358 9893
9893 7240
7240 9713
9713 6834
6834 8438
8438 8857
8857 8392
8392 6703
6703 83
83 5927
5927 3160
3160 3744
3744 4078
4078 890
890 460
460 9224
9224 962
962 3276
3276 2177
2177 9162
9162 2186
2186 4556
4556 592
592 4670
4670 7863
7863 2788
2788 4956
4956 7265
7265 784
784 3873
3873 7257
7257 1222
1222 2154
2154 6577
6577 6778
6778 8076
8076 1754
1754 367
367 7934
7934 5542
5542 2462
2462 983
983 4040
4040 5670
5670 3995
3995 427
427 9528
9528 2964
2964 9155
9155 1763
1763 3208
3208 8660
8660 9732
9732 9805
9805 6115
6115 8759
8759 9842
9842 3783
3783 5101
5101 7897
7897 2380
2380 651
651 146
146 4763
4763 1948
1948 2998
2998 5319
5319 6596
6596 3234
3234 1558
1558 6996
6996 7104
7104 6008
6008 1314
1314 3497
3497 6375
6375 7477
7477 4197
4197 965
965 1105
1105 2633
2633 4467
4467 6229
6229 8616
8616 7136
7136 1258
1258 2264
2264 5634
5634 1474
1474 2647
2647 9423
9423 6367
6367 8082
8082 4220
4220 1641
1641 5869
5869 5572
5572 5894
5894 8741
8741 7544
7544 1924
1924 2171
2171 3130
3130 6642
6642 8215
8215 7888
7888 7487
7487 6160
6160 1809
1809 6641
6641 8567
8567 4546
4546 87
87 2101
2101 9586
9586 7647
7647 7774
7774 7611
7611 2492
2492 9631
9631 7108
7108 658
658 1355
1355 4870
4870 5114
5114 711
711 7419
7419 769
769 9207
9207 4678
4678 2
2 8975
8975 2880
2880 2710
2710 1617
1617 7360
7360 1695
1695 6078
6078 9360
9360 2508
2508 290
290 4459
4459 1892
1892 9578
9578 6458
6458 9478
9478 5058
5058 4422
4422 7896
7896 4350
4350 586
586 6202
6202 1381
1381 1458
1458 8925
8925 5011
5011 8585
8585 8942
8942 3268
3268 8444
8444 7529
7529 2818
2818 5826
5826 8256
8256 5796
5796 9704
9704 3583
3583 8015
8015 6543
6543 4554
4554 2626
2626 2342
2342 7390
7390 6455
6455 4080
4080 5972
5972 5106
5106 13
13 7324
7324 9518
9518 5727
5727 5529
5529 2592
2592 2911
2911 2844
2844 7309
7309 4773
4773 5236
5236 5425
5425 4844
4844 1135
1135 1497
1497 7948
7948 8010
8010 2287
2287 1527
1527 2484
2484 7682
7682 1420
1420 421
421 8065
8065 2845
2845 5851
5851 3685
3685 7233
7233 1488
1488 4458
4458 3405
3405 9579
9579 898
898 7527
7527 7101
7101 3062
3062 7026
7026 3336
3336 9799
9799 6721
6721 1550
1550 3481
3481 7835
7835 2677
2677 7572
7572 6028
6028 7608
7608 6796
6796 1108
1108 5771
5771 4684
4684 2790
2790 3261
3261 7291
7291 4856
4856 5955
5955 871
871 4464
4464 3029
3029 4341
4341 8930
8930 4663
4663 7098
7098 2598
2598 6052
6052 7942
7942 984
984 5789
5789 6646
6646 6062
6062 8943
8943 1349
1349 5258
5258 5749
5749 9873
9873 6288
6288 8158
8158 3548
3548 4512
4512 5905
5905 3256
3256 5616
5616 2685
2685 9018
9018 4576
4576 1493
1493 3048
3048 1085
1085 3542
3542 9106
9106 2310
2310 6311
6311 4530
4530 2068
2068 7665
7665 7193
7193 7212
7212 3674
3674 1857
1857 9523
9523 7107
7107 4150
4150 5704
5704 833
833 841
841 3046
3046 5602
5602 4802
4802 936
936 7227
7227 5349
5349 5596
5596 2040
2040 3324
3324 7333
7333 864
864 4907
4907 3486
3486 3596
3596 745
745 6720
6720 1169
1169 2949
2949 4611
4611 4788
4788 4933
4933 582
582 3591
3591 5708
5708 9271
9271 4229
4229 9070
9070 9740
9740 1441
1441 3173
3173 543
543 7135
7135 1975
1975 3218
3218 8071
8071 9774
9774 545
545 681
681 8368
8368 6491
6491 3506
3506 4765
4765 9232
9232 2847
2847 3186
3186 4823
4823 7965
7965 4072
4072 6546
6546 4976
4976 9839
9839 2214
2214 9687
9687 9792
9792 4942
4942 2648
2648 6973
6973 6340
6340 5691
5691 6506
6506 5744
5744 270
270 6569
6569 5880
5880 9800
9800 9251
9251 2894
2894 4962
4962 156
156 571
571 6533
6533 9759
9759 3082
3082 2931
2931 5059
5059 8350
8350 9073
9073 3272
3272 4176
4176 6394
6394 2451
2451 908
908 4944
4944 4722
4722 6964
6964 3587
3587 394
394 5853
5853 6563
6563 3317
3317 5406
5406 2523
2523 8771
8771 3255
3255 1072
1072 2251
2251 1852
1852 7777
7777 478
478 7807
7807 7242
7242 7283
7283 142
142 4003
4003 6398
6398 2628
2628 3087
3087 5076
5076 5148
5148 7338
7338 9075
9075 8904
8904 6891
6891 4193
4193 1359
1359 3961
3961 8688
8688 5699
5699 4281
4281 7493
7493 911
911 7765
7765 5274
5274 5222
5222 7847
7847 8833
8833 3621
3621 9130
9130 1250
1250 1702
1702 1239
1239 5163
5163 8443
8443 1410
1410 8231
8231 800
800 4851
4851 1771
1771 709
709 7424
7424 5183
5183 5519
5519 5868
5868 9269
9269 8474
8474 4310
4310 9760
9760 4739
4739 7957
7957 3198
3198 2795
2795 1968
1968 2724
2724 5024
5024 2979
2979 1183
1183 261
261 961
961 10
10 2208
2208 8725
8725 6915
6915 9485
9485 779
779 4000
4000 2809
2809 3109
3109 39
39 5939
5939 2999
2999 5187
5187 9901
9901 1211
1211 8719
8719 9549
9549 9085
9085 9793
9793 2734
2734 3903
3903 1066
1066 1851
1851 2829
2829 48
48 2045
2045 1688
1688 3957
3957 6422
6422 8187
8187 4960
4960 4392
4392 2965
2965 8981
8981 3200
3200 6093
6093 8529
8529 2751
2751 5576
5576 9850
9850 787
787 635
635 4819
4819 3781
3781 4558
4558 4887
4887 9617
9617 2600
2600 7139
7139 7986
7986 3388
3388 3277
3277 1731
1731 18
18 3169
3169 287
287 1259
1259 4151
4151 2572
2572 7991
7991 3603
3603 325
325 5403
5403 4706
4706 7975
7975 8931
8931 3080
3080 1202
1202 1533
1533 3061
3061 8033
8033 1871
1871 9242
9242 6589
6589 336
336 7627
7627 4316
4316 7264
7264 6837
6837 8598
8598 4572
4572 9233
9233 8689
8689 1197
1197 6655
6655 2957
2957 2354
2354 3697
3697 9516
9516 2073
2073 4322
4322 9556
9556 6532
6532 1157
1157 5926
5926 4949
4949 6909
6909 4637
4637 6523
6523 1739
1739 7652
7652 5115
5115 2029
2029 9378
9378 5986
5986 2524
2524 8270
8270 2576
2576 3565
3565 7495
7495 3705
3705 3495
3495 1521
1521 8152
8152 4654
4654 7010
7010 5887
5887 868
868 5137
5137 7837
7837 2725
2725 7122
7122 3467
3467 8555
8555 1553
1553 9430
9430 6651
6651 3095
3095 3760
3760 3051
3051 3678
3678 7530
7530 140
140 1767
1767 3244
3244 2312
2312 6874
6874 3461
3461 5335
5335 9309
9309 3358
3358 3814
3814 9642
9642 2940
2940 2132
2132 5674
5674 4817
4817 9460
9460 3385
3385 2668
2668 297
297 6704
6704 5016
5016 7871
7871 4153
4153 1913
1913 7718
7718 3176
3176 2149
2149 7362
7362 3586
3586 8247
8247 2255
2255 491
491 7488
7488 4056
4056 2778
2778 579
579 6714
6714 5462
5462 7705
7705 3994
3994 5254
5254 8436
8436 1465
1465 3841
3841 2584
2584 1372
1372 2504
2504 5907
5907 2083
2083 7301
7301 1158
1158 9604
9604 6259
6259 5386
5386 6406
6406 4452
4452 1074
1074 2621
2621 8445
8445 6814
6814 1445
1445 1623
1623 1298
1298 7252
7252 753
753 6813
6813 6278
6278 6027
6027 4381
4381 7473
7473 5284
5284 8302
8302 987
987 7380
7380 9151
9151 8132
8132 451
451 5946
5946 2663
2663 494
494 8561
8561 9683
9683 9184
9184 8979
8979 4274
4274 4693
4693 4674
4674 8976
8976 9434
9434 8109
8109 5257
5257 6212
6212 974
974 154
154 5672
5672 9281
9281 1296
1296 2871
2871 6271
6271 5503
5503 2699
2699 5246
5246 9409
9409 2262
2262 2666
2666 2388
2388 622
622 7756
7756 6695
6695 9646
9646 2643
2643 8637
8637 7937
7937 4414
4414 7536
7536 4539
4539 2229
2229 8208
8208 1086
1086 2244
2244 3913
3913 388
388 7817
7817 285
285 5547
5547 3407
3407 3898
3898 6764
6764 863
863 8611
8611 2205
2205 9610
9610 4402
4402 8668
8668 7916
7916 9096
9096 3986
3986 9030
9030 2881
2881 2043
2043 3512
3512 2568
2568 5500
5500 2189
2189 6231
6231 1586
1586 1684
1684 1325
1325 720
720 1432
1432 3133
3133 4842
4842 8754
8754 4683
4683 4857
4857 3777
3777 9767
9767 3577
3577 3569
3569 5263
5263 502
502 158
158 3532
3532 4568
4568 8564
8564 4596
4596 3399
3399 5707
5707 3658
3658 423
423 3702
3702 3391
3391 8451
8451 978
978 1386
1386 1058
1058 5650
5650 3289
3289 6219
6219 7170
7170 1363
1363 2465
2465 7184
7184 6466
6466 6150
6150 1113
1113 2384
2384 3689
3689 3514
3514 8622
8622 1616
1616 444
444 454
454 976
976 9044
9044 3350
3350 7768
7768 2268
2268 4367
4367 9313
9313 4600
4600 5017
5017 8307
8307 6108
6108 9355
9355 6341
6341 3907
3907 1500
1500 5250
5250 5593
5593 5480
5480 2175
2175 2473
2473 3684
3684 3151
3151 4664
4664 3458
3458 9003
9003 4716
4716 9754
9754 8881
8881 6691
6691 9531
9531 1285
1285 6019
6019 7094
7094 1842
1842 9158
9158 4913
4913 2722
2722 8982
8982 152
152 6746
6746 5896
5896 4290
4290 4742
4742 9230
9230 6249
6249 6579
6579 6604
6604 6185
6185 972
972 5815
5815 5426
5426 3114
3114 5865
5865 9684
9684 7634
7634 4245
4245 9575
9575 335
335 6559
6559 3038
3038 69
69 3353
3353 7440
7440 2015
2015 4236
4236 3650
3650 7569
7569 7229
7229 3231
3231 3368
3368 6640
6640 7990
7990 7928
7928 4998
4998 1227
1227 5412
5412 6727
6727 3403
3403 8896
8896 2595
2595 1712
1712 8659
8659 28
28 3717
3717 8661
8661 4603
4603 1081
1081 9879
9879 5696
5696 4449
4449 2848
2848 6871
6871 9641
9641 6448
6448 1776
1776 1578
1578 9219
9219 2096
2096 8884
8884 1255
1255 5893
5893 2113
2113 1396
1396 9858
9858 6410
6410 5546
5546 2183
2183 6945
6945 2434
2434 1701
1701 7468
7468 9715
9715 176
176 4303
4303 3772
3772 5551
5551 1979
1979 6127
6127 5655
5655 7892
7892 8078
8078 4682
4682 1156
1156 706
706 8756
8756 5439
5439 3948
3948 5848
5848 8751
8751 5852
5852 8483
8483 248
248 9092
9092 5314
5314 7780
7780 2694
2694 2499
2499 4953
4953 6154
6154 4079
4079 1354
1354 717
717 1043
1043 5608
5608 1911
1911 7902
7902 8589
8589 7793
7793 2634
2634 3085
3085 7023
7023 5110
5110 5541
5541 3134
3134 5286
5286 7219
7219 9526
9526 2787
2787 2076
2076 3803
3803 8449
8449 4594
4594 3816
3816 2356
2356 5970
5970 7258
7258 380
380 7230
7230 5334
5334 7864
7864 6765
6765 2079
2079 3659
3659 1942
1942 1266
1266 4985
4985 4917
4917 7437
7437 1223
1223 1724
1724 6177
6177 5969
5969 8423
8423 2528
2528 7056
7056 9600
9600 637
637 7970
7970 2046
2046 6601
6601 8296
8296 8594
8594 2695
2695 6530
6530 3694
3694 2211
2211 1096
1096 9081
9081 5936
5936 2857
2857 792
792 9057
9057 2938
2938 266
266 9494
9494 2826
2826 8275
8275 2980
2980 4820
4820 1714
1714 5394
5394 5921
5921 6067
6067 9115
9115 2358
2358 735
735 1206
1206 6907
6907 2093
2093 6934
6934 1742
1742 5133
5133 2905
2905 1307
1307 1499
1499 4008
4008 925
925 2554
2554 2587
2587 4240
4240 7331
7331 2078
2078 1817
1817 3737
3737 2919
2919 188
188 1634
1634 3372
3372 8865
8865 8216
8216 2394
2394 5103
5103 45
45 1981
1981 4077
4077 9748
9748 2130
2130 3978
3978 5567
5567 6750
6750 1520
1520 2768
2768 5950
5950 2242
2242 3510
3510 4939
4939 353
353 4420
4420 8112
8112 8935
8935 5701
5701 3935
3935 2228
2228 6597
6597 9655
9655 8089
8089 3328
3328 6614
6614 5540
5540 1787
1787 8188
8188 9021
9021 9141
9141 4616
4616 2903
2903 680
680 9724
9724 5191
5191 6057
6057 2280
2280 1035
1035 7586
7586 3640
3640 4069
4069 9511
9511 5737
5737 5903
5903 574
574 4536
4536 4635
4635 734
734 7216
7216 7421
7421 556
556 4199
4199 8923
8923 4054
4054 9098
9098 5615
5615 9277
9277 7335
7335 8784
8784 9223
9223 1545
1545 5952
5952 1473
1473 1324
1324 826
826 9100
9100 3600
3600 6253
6253 3706
3706 514
514 6902
6902 8978
8978 5240
5240 8409
8409 4195
4195 7563
7563 377
377 3917
3917 6521
6521 9455
9455 2993
2993 6769
6769 3607
3607 2013
2013 1835
1835 3182
3182 2047
2047 851
851 7057
7057 2811
2811 2515
2515 3422
3422 3724
3724 3168
3168 7447
7447 5725
5725 9797
9797 788
788 4783
4783 4735
4735 763
763 2178
2178 6580
6580 5302
5302 4184
4184 9101
9101 2389
2389 8608
8608 2491
2491 53
53 6138
6138 5897
5897 6729
6729 3209
3209 2162
2162 5937
5937 2607
2607 3183
3183 4043
4043 4210
4210 3465
3465 8085
8085 6827
6827 2990
2990 2481
2481 4996
4996 650
650 4271
4271 8212
8212 2097
2097 8593
8593 6243
6243 4121
4121 6875
6875 5988
5988 3962
3962 3131
3131 5901
5901 9519
9519 4326
4326 5351
5351 1576
1576 5548
5548 8201
8201 1304
1304 9786
9786 4211
4211 1345
1345 2613
2613 8849
8849 2021
2021 1122
1122 7983
7983 6669
6669 2114
2114 9117
9117 4544
4544 4424
4424 1299
1299 1350
1350 3017
3017 4841
4841 9705
9705 8271
8271 2464
2464 9540
9540 8049
8049 4270
4270 4037
4037 8432
8432 6710
6710 3435
3435 7200
7200 3067
3067 3731
3731 9564
9564 8526
8526 1236
1236 1542
1542 2425
2425 9305
9305 8008
8008 4983
4983 3618
3618 1988
1988 1552
1552 8138
8138 8220
8220 4489
4489 1599
1599 7123
7123 6041
6041 3190
3190 6985
6985 5348
5348 9295
9295 5268
5268 6693
6693 4375
4375 9137
9137 8820
8820 5267
5267 2995
2995 639
639 6772
6772 3521
3521 2457
2457 208
208 9004
9004 5311
5311 4662
4662 5556
5556 7140
7140 2828
2828 4562
4562 2123
2123 232
232 9345
9345 2225
2225 182
182 9301
9301 3074
3074 7686
7686 7554
7554 2232
2232 8619
8619 6742
6742 6314
6314 1070
1070 8869
8869 7238
7238 1344
1344 3150
3150 5565
5565 510
510 7969
7969 7039
7039 2460
2460 8005
8005 5013
5013 3075
3075 2001
2001 3547
3547 8638
8638 4914
4914 9822
9822 7825
7825 3071
3071 2202
2202 5456
5456 2318
2318 537
537 2067
2067 8264
8264 5660
5660 5664
5664 3811
3811 1697
1697 3974
3974 2812
2812 3517
3517 9064
9064 9486
9486 1798
1798 9095
9095 2670
2670 8269
8269 906
906 8280
8280 5414
5414 5761
5761 3221
3221 3149
3149 3402
3402 6070
6070 9222
9222 5140
5140 2158
2158 218
218 9316
9316 7365
7365 5304
5304 902
902 4511
4511 8538
8538 1711
1711 6901
6901 1573
1573 204
204 9710
9710 89
89 6322
6322 3733
3733 1397
1397 5690
5690 7676
7676 8335
8335 1185
1185 6055
6055 33
33 4676
4676 1284
1284 2962
2962 3695
3695 1332
1332 5337
5337 9611
9611 3876
3876 7968
7968 1577
1577 4431
4431 981
981 2761
2761 4331
4331 625
625 9831
9831 6017
6017 3386
3386 2583
2583 2386
2386 4413
4413 9633
9633 2549
2549 7814
7814 3174
3174 6320
6320 6790
6790 562
562 3447
3447 6916
6916 1606
1606 3525
3525 7885
7885 6771
6771 3750
3750 1452
1452 1305
1305 6675
6675 2439
2439 9720
9720 1121
1121 1090
1090 9071
9071 7824
7824 5416
5416 511
511 4046
4046 8481
8481 447
447 2627
2627 9817
9817 2054
2054 1253
1253 8093
8093 3722
3722 7816
7816 3057
3057 1003
1003 5676
5676 4457
4457 7707
7707 506
506 2314
2314 4215
4215 3795
3795 2840
2840 6411
6411 9217
9217 7025
7025 606
606 7941
7941 4585
4585 8924
8924 144
144 719
719 1693
1693 5455
5455 4042
4042 5086
5086 5777
5777 6861
6861 3287
3287 5338
5338 1233
1233 8337
8337 6434
6434 2897
2897 3983
3983 1062
1062 5646
5646 1680
1680 8843
8843 8639
8639 4395
4395 7523
7523 2297
2297 5520
5520 1793
1793 3332
3332 3482
3482 4175
4175 1931
1931 9598
9598 7034
7034 9331
9331 7553
7553 1052
1052 1489
1489 4453
4453 1648
1648 5507
5507 1419
1419 814
814 6149
6149 5617
5617 6275
6275 9431
9431 9358
9358 5272
5272 7673
7673 5287
5287 6832
6832 653
653 6905
6905 8712
8712 8027
8027 6378
6378 7118
7118 614
614 8148
8148 8031
8031 5089
5089 8504
8504 4202
4202 6510
6510 8945
8945 8243
8243 2086
2086 5705
5705 1773
1773 6656
6656 2343
2343 5136
5136 4750
4750 3003
3003 3240
3240 4249
4249 6634
6634 2296
2296 6995
6995 1927
1927 1733
1733 4455
4455 6728
6728 9711
9711 2513
2513 6186
6186 3848
3848 3300
3300 9535
9535 8013
8013 9293
9293 564
564 7041
7041 5177
5177 9145
9145 4051
4051 9849
9849 8425
8425 1418
1418 2577
2577 224
224 695
695 1703
1703 6741
6741 5028
5028 6754
6754 1357
1357 1839
1839 5167
5167 6034
6034 4159
4159 580
580 6630
6630 5070
5070 5269
5269 26
26 9712
9712 7377
7377 1316
1316 3519
3519 4369
4369 4497
4497 8056
8056 8058
8058 7815
7815 5467
5467 621
621 5719
5719 6342
6342 9267
9267 501
501 8154
8154 9240
9240 3612
3612 7955
7955 8376
8376 7850
7850 835
835 3784
3784 2402
2402 6864
6864 577
577 4221
4221 7095
7095 2497
2497 2447
2447 6120
6120 4795
4795 8051
8051 9743
9743 3441
3441 6059
6059 2797
2797 3712
3712 7188
7188 194
194 6587
6587 707
707 1213
1213 6300
6300 6463
6463 8917
8917 2488
2488 8371
8371 1029
1029 7889
7889 2586
2586 7755
7755 5539
5539 2470
2470 7998
7998 5242
5242 9015
9015 2482
2482 8722
8722 4989
4989 9330
9330 8278
8278 1046
1046 1504
1504 609
609 6557
6557 1547
1547 5299
5299 5661
5661 7260
7260 3472
3472 7498
7498 1957
1957 2806
2806 5618
5618 8354
8354 5375
5375 1556
1556 5806
5806 526
526 2069
2069 3920
3920 3325
3325 2671
2671 2771
2771 4787
4787 8690
8690 8374
8374 289
289 50
50 2834
2834 2805
2805 6873
6873 6383
6383 7201
7201 7736
7736 7254
7254 6514
6514 8168
8168 2432
2432 1596
1596 3758
3758 3862
3862 4327
4327 5479
5479 3593
3593 9334
9334 2075
2075 8796
8796 5586
5586 3734
3734 2150
2150 6469
6469 6856
6856 9504
9504 6496
6496 4354
4354 9445
9445 9487
9487 1622
1622 3072
3072 943
943 5035
5035 3456
3456 8891
8891 1234
1234 5397
5397 399
399 3918
3918 8136
8136 1779
1779 4083
4083 9663
9663 5942
5942 9894
9894 884
884 2274
2274 953
953 6836
6836 352
352 9543
9543 3671
3671 8290
8290 416
416 4614
4614 6188
6188 5895
5895 7433
7433 1784
1784 3747
3747 2882
2882 38
38 395
395 6515
6515 8969
8969 3742
3742 5102
5102 3798
3798 8347
8347 1084
1084 848
848 518
518 2253
2253 8283
8283 5312
5312 1876
1876 2789
2789 5481
5481 4223
4223 2445
2445 3020
3020 8845
8845 5363
5363 9731
9731 6609
6609 3214
3214 7165
7165 207
207 6063
6063 2196
2196 1868
1868 2645
2645 1937
1937 6129
6129 9608
9608 877
877 5053
5053 3768
3768 4315
4315 6830
6830 80
80 4838
4838 7559
7559 1177
1177 3823
3823 4201
4201 5410
5410 9796
9796 3597
3597 3110
3110 3971
3971 2106
2106 6880
6880 4044
4044 3732
3732 3701
3701 8315
8315 5688
5688 5220
5220 225
225 56
56 8253
8253 7050
7050 8551
8551 4671
4671 6952
6952 7164
7164 2194
2194 1535
1535 7999
7999 3377
3377 4895
4895 5673
5673 6598
6598 4818
4818 2302
2302 6983
6983 1313
1313 7222
7222 5006
5006 7462
7462 4417
4417 4767
4767 4551
4551 5783
5783 887
887 1356
1356 2646
2646 2120
2120 6452
6452 3363
3363 1802
1802 1707
1707 6319
6319 3027
3027 1421
1421 6020
6020 6045
6045 4920
4920 993
993 9627
9627 6040
6040 531
531 5600
5600 9307
9307 1229
1229 5883
5883 401
401 473
473 237
237 3225
3225 6325
6325 6860
6860 9262
9262 9264
9264 4057
4057 3533
3533 7877
7877 1936
1936 6857
6857 663
663 1460
1460 5624
5624 5071
5071 7119
7119 7974
7974 2261
2261 99
99 7217
7217 9668
9668 7030
7030 2159
2159 7
7 315
315 1201
1201 3227
3227 2580
2580 5820
5820 9747
9747 3294
3294 1850
1850 2950
2950 6919
6919 4347
4347 2711
2711 7951
7951 3939
3939 9680
9680 1379
1379 3963
3963 2299
2299 1873
1873 1841
1841 499
499 5411
5411 2959
2959 1990
1990 1650
1650 8478
8478 8143
8143 7251
7251 2449
2449 3865
3865 5550
5550 9386
9386 474
474 4255
4255 3944
3944 2415
2415 7128
7128 3250
3250 7278
7278 5111
5111 4839
4839 3113
3113 212
212 7458
7458 6307
6307 8330
8330 5309
5309 398
398 3835
3835 1613
1613 2307
2307 3554
3554 1163
1163 4591
4591 8898
8898 5380
5380 6065
6065 9669
9669 349
349 595
595 5724
5724 7670
7670 928
928 4401
4401 5516
5516 8268
8268 5879
5879 1133
1133 1705
1705 956
956 4538
4538 6906
6906 1184
1184 5292
5292 9477
9477 794
794 5019
5019 7325
7325 1422
1422 4571
4571 2855
2855 4565
4565 3763
3763 6999
6999 2682
2682 4588
4588 4260
4260 5245
5245 2697
2697 7876
7876 8628
8628 3643
3643 5478
5478 3488
3488 2032
2032 870
870 1042
1042 5428
5428 2329
2329 2839
2839 3139
3139 7662
7662 5210
5210 9411
9411 1093
1093 4421
4421 5765
5765 9779
9779 371
371 8552
8552 1100
1100 7114
7114 8162
8162 7371
7371 5343
5343 5475
5475 6174
6174 1406
1406 2365
2365 2889
2889 3698
3698 2730
2730 1159
1159 714
714 4266
4266 5623
5623 42
42 6225
6225 1921
1921 9439
9439 4517
4517 2351
2351 4955
4955 4979
4979 1740
1740 6922
6922 7518
7518 1893
1893 6966
6966 7348
7348 8524
8524 3945
3945 8075
8075 6402
6402 7930
7930 175
175 8726
8726 5712
5712 5659
5659 5325
5325 9835
9835 1286
1286 4265
4265 7661
7661 362
362 4018
4018 1102
1102 1005
1005 7925
7925 4645
4645 5418
5418 2969
2969 8007
8007 2173
2173 9266
9266 722
722 5370
5370 8905
8905 1661
1661 889
889 6585
6585 9815
9815 8183
8183 4980
4980 19
19 6690
6690 1653
1653 2926
2926 6666
6666 5682
5682 5047
5047 3064
3064 2914
2914 5908
5908 5305
5305 1655
1655 4111
4111 2974
2974 7526
7526 3664
3664 4952
4952 3479
3479 8492
8492 277
277 7305
7305 9093
9093 9726
9726 7302
7302 4647
4647 9827
9827 2935
2935 4764
4764 5938
5938 8142
8142 3752
3752 5362
5362 8166
8166 2250
2250 2899
2899 155
155 1082
1082 3201
3201 2767
2767 1073
1073 4015
4015 6097
6097 1275
1275 4889
4889 1390
1390 1664
1664 8944
8944 8938
8938 2567
2567 6079
6079 346
346 305
305 5044
5044 2224
2224 5034
5034 6744
6744 6711
6711 6022
6022 8846
8846 6414
6414 7500
7500 124
124 2846
2846 7641
7641 2027
2027 4959
4959 630
630 9603
9603 8284
8284 9314
9314 2213
2213 4715
4715 3937
3937 1544
1544 3774
3774 2704
2704 6374
6374 4466
4466 5468
5468 3320
3320 6828
6828 3493
3493 3509
3509 3556
3556 5438
5438 608
608 3228
3228 7654
7654 6892
6892 756
756 5001
5001 301
301 1092
1092 8000
8000 727
727 3162
3162 8789
8789 1068
1068 909
909 2664
2664 5653
5653 2786
2786 7944
7944 5435
5435 7848
7848 1518
1518 3851
3851 2381
2381 3471
3471 7274
7274 3544
3544 2066
2066 3647
3647 116
116 673
673 6507
6507 793
793 8238
8238 1635
1635 7379
7379 7535
7535 7558
7558 5713
5713 1485
1485 4067
4067 3433
3433 4582
4582 7725
7725 8651
8651 6810
6810 2863
2863 2006
2006 9396
9396 8035
8035 5904
5904 3356
3356 633
633 7781
7781 9810
9810 9772
9772 5206
5206 6963
6963 7606
7606 7940
7940 643
643 7900
7900 8122
8122 1843
1843 7752
7752 1971
1971 3965
3965 8851
8851 8718
8718 8194
8194 1405
1405 689
689 7403
7403 123
123 1790
1790 4828
4828 5743
5743 9560
9560 3528
3528 304
304 624
624 6713
6713 4490
4490 6456
6456 8198
8198 147
147 5061
5061 292
292 25
25 8242
8242 3571
3571 7710
7710 3931
3931 9905
9905 8874
8874 6475
6475 6035
6035 765
765 6552
6552 5817
5817 2925
2925 498
498 4216
4216 4292
4292 6143
6143 1414
1414 2293
2293 4709
4709 4854
4854 8463
8463 1447
1447 6773
6773 8848
8848 6709
6709 8313
8313 4480
4480 5490
5490 263
263 1268
1268 1438
1438 300
300 334
334 8907
8907 419
419 9648
9648 6592
6592 9466
9466 4001
4001 5049
5049 8788
8788 9728
9728 5816
5816 1819
1819 9168
9168 2436
2436 7543
7543 6153
6153 8019
8019 9286
9286 88
88 1200
1200 946
946 8118
8118 5276
5276 9816
9816 2939
2939 7490
7490 4622
4622 7068
7068 455
455 7989
7989 161
161 7215
7215 6739
6739 4081
4081 4865
4865 2468
2468 2891
2891 6321
6321 5932
5932 1380
1380 143
143 6524
6524 8812
8812 5127
5127 6029
6029 9134
9134 5306
5306 2367
2367 1588
1588 2832
2832 7062
7062 4097
4097 9567
9567 9745
9745 8223
8223 9883
9883 1888
1888 8023
8023 7129
7129 7860
7860 2364
2364 3922
3922 282
282 79
79 1951
1951 4534
4534 6428
6428 7674
7674 3930
3930 5588
5588 9170
9170 3966
3966 9143
9143 6337
6337 4093
4093 326
326 9254
9254 6207
6207 120
120 6986
6986 410
410 5138
5138 5074
5074 6751
6751 1491
1491 1899
1899 5454
5454 7046
7046 8911
8911 6876
6876 476
476 912
912 2017
2017 6920
6920 8377
8377 5282
5282 2651
2651 8342
8342 2744
2744 3254
3254 6753
6753 6817
6817 6444
6444 7507
7507 7910
7910 4869
4869 3599
3599 1598
1598 5197
5197 3933
3933 9395
9395 2064
2064 5752
5752 4163
4163 3496
3496 9082
9082 4968
4968 2377
2377 5923
5923 177
177 1638
1638 3348
3348 6663
6663 5491
5491 3165
3165 6054
6054 5007
5007 5265
5265 7866
7866 2912
2912 452
452 1221
1221 4248
4248 8217
8217 7286
7286 8248
8248 492
492 5836
5836 9652
9652 4760
4760 9811
9811 2689
2689 4165
4165 7352
7352 2038
2038 4285
4285 9104
9104 5662
5662 7003
7003 5227
5227 3808
3808 557
557 6476
6476 9027
9027 7842
7842 5031
5031 678
678 2292
2292 7909
7909 7383
7383 4129
4129 469
469 5846
5846 8613
8613 7387
7387 5625
5625 4435
4435 6633
6633 2084
2084 6842
6842 1770
1770 6144
6144 7052
7052 626
626 329
329 1140
1140 3375
3375 61
61 2956
2956 8055
8055 2702
2702 4049
4049 9896
9896 8615
8615 804
804 6216
6216 2603
2603 3863
3863 1212
1212 1989
1989 8063
8063 3956
3956 4805
4805 9513
9513 3982
3982 2972
2972 602
602 4526
4526 1198
1198 5532
5532 4333
4333 1195
1195 6199
6199 3866
3866 8501
8501 8974
8974 7759
7759 8213
8213 7585
7585 2932
2932 8153
8153 1867
1867 5196
5196 7532
7532 7631
7631 3440
3440 129
129 4291
4291 2031
2031 8022
8022 5326
5326 3129
3129 8325
8325 9464
9464 8927
8927 9210
9210 3588
3588 245
245 173
173 5735
5735 6016
6016 9626
9626 7646
7646 6868
6868 5770
5770 9503
9503 432
432 1254
1254 1318
1318 4094
4094 3111
3111 605
605 8769
8769 9006
9006 5906
5906 9249
9249 3161
3161 7138
7138 4711
4711 5249
5249 3822
3822 5504
5504 2837
2837 7607
7607 4730
4730 5587
5587 6484
6484 9132
9132 6345
6345 1148
1148 7568
7568 3404
3404 712
712 4020
4020 7467
7467 4364
4364 2359
2359 4777
4777 6089
6089 7349
7349 4724
4724 1160
1160 5300
5300 5959
5959 7313
7313 4656
4656 354
354 343
343 9856
9856 9462
9462 7878
7878 7541
7541 7711
7711 4091
4091 929
929 5294
5294 9304
9304 8506
8506 7405
7405 8663
8663 844
844 7583
7583 4928
4928 5065
5065 6196
6196 1895
1895 1347
1347 4900
4900 2793
2793 5129
5129 9216
9216 6657
6657 8512
8512 5032
5032 5781
5781 8614
8614 6156
6156 8068
8068 1709
1709 2700
2700 275
275 2650
2650 4843
4843 5555
5555 4104
4104 5046
5046 7931
7931 1369
1369 7591
7591 3476
3476 7064
7064 3901
3901 819
819 2422
2422 4025
4025 8383
8383 8405
8405 6312
6312 2252
2252 6399
6399 9253
9253 654
654 7531
7531 9854
9854 6644
6644 2759
2759 6833
6833 8026
8026 9515
9515 101
101 9167
9167 4244
4244 4679
4679 8339
8339 849
849 9192
9192 2675
2675 5150
5150 7081
7081 7566
7566 2409
2409 133
133 4280
4280 6561
6561 5563
5563 393
393 5778
5778 5485
5485 7471
7471 1625
1625 2157
2157 9480
9480 7097
7097 4902
4902 86
86 9435
9435 2048
2048 6125
6125 7399
7399 4704
4704 4158
4158 9105
9105 9035
9035 8173
8173 2678
2678 4169
4169 9389
9389 843
843 6308
6308 77
77 6782
6782 2095
2095 5393
5393 6336
6336 1426
1426 2887
2887 2309
2309 7171
7171 957
957 6581
6581 3034
3034 9442
9442 7304
7304 3050
3050 1030
1030 3473
3473 3194
3194 9338
9338 3058
3058 6818
6818 923
923 2542
2542 485
485 772
772 7504
7504 8654
8654 3727
3727 1252
1252 7151
7151 9871
9871 6586
6586 2712
2712 8597
8597 757
757 4230
4230 2286
2286 4237
4237 7186
7186 5834
5834 2945
2945 3754
3754 1172
1172 3242
3242 6670
6670 7449
7449 5754
5754 6784
6784 513
513 6180
6180 2281
2281 8964
8964 5935
5935 9363
9363 8099
8099 2571
2571 7829
7829 6169
6169 4740
4740 1715
1715 9699
9699 6789
6789 6956
6956 4853
4853 7261
7261 8399
8399 1423
1423 7407
7407 2400
2400 4429
4429 1797
1797 4295
4295 9383
9383 7262
7262 6431
6431 9709
9709 2896
2896 5855
5855 8202
8202 8461
8461 1746
1746 8160
8160 8448
8448 1654
1654 9678
9678 71
71 70
70 1290
1290 1624
1624 2290
2290 2843
2843 383
383 483
483 759
759 8703
8703 8230
8230 9139
9139 5583
5583 805
805 8496
8496 205
205 8643
8643 4601
4601 4468
4468 6932
6932 6798
6798 6718
6718 5582
5582 2438
2438 7275
7275 6617
6617 1264
1264 3361
3361 2727
2727 5818
5818 1511
1511 3459
3459 8336
8336 8855
8855 4628
4628 6504
6504 1590
1590 4224
4224 8560
8560 2431
2431 655
655 9328
9328 7463
7463 6881
6881 7841
7841 1890
1890 3430
3430 4931
4931 5308
5308 8195
8195 2556
2556 2030
2030 9121
9121 9173
9173 5728
5728 2701
2701 9470
9470 5931
5931 4024
4024 8431
8431 3478
3478 5677
5677 4829
4829 3916
3916 7690
7690 7037
7037 9702
9702 5347
5347 3304
3304 1436
1436 5521
5521 705
705 8235
8235 5336
5336 9845
9845 8214
8214 3855
3855 6471
6471 3989
3989 6950
6950 3251
3251 1966
1966 2610
2610 4651
4651 6462
6462 2215
2215 9283
9283 2131
2131 1877
1877 5002
5002 4507
4507 1920
1920 4103
4103 4074
4074 7663
7663 1538
1538 5830
5830 2182
2182 9128
9128 8144
8144 9043
9043 6897
6897 2136
2136 6809
6809 4034
4034 9580
9580 9681
9681 9029
9029 3291
3291 6724
6724 3878
3878 6706
6706 8961
8961 1569
1569 7995
7995 5805
5805 9126
9126 7843
7843 8062
8062 8990
8990 1168
1168 8369
8369 9062
9062 638
638 6661
6661 2107
2107 3874
3874 3215
3215 5964
5964 6749
6749 9708
9708 6681
6681 8387
8387 3688
3688 2103
2103 8603
8603 9194
9194 4405
4405 5212
5212 8558
8558 4712
4712 8169
8169 4977
4977 4726
4726 5460
5460 9294
9294 8102
8102 1388
1388 6400
6400 2853
2853 23
23 9501
9501 4592
4592 3177
3177 5742
5742 7386
7386 9373
9373 9443
9443 726
726 8542
8542 9359
9359 5695
5695 955
955 5914
5914 5961
5961 2366
2366 1365
1365 14
14 6335
6335 5174
5174 3802
3802 7853
7853 2007
2007 5228
5228 7911
7911 8407
8407 103
103 3960
3960 9677
9677 4155
4155 588
588 947
947 1352
1352 6191
6191 2973
2973 1651
1651 2606
2606 810
810 1999
1999 2830
2830 2421
2421 396
396 6163
6163 5341
5341 2901
2901 8316
8316 8821
8821 4289
4289 1382
1382 4135
4135 3398
3398 9376
9376 3615
3615 2590
2590 1484
1484 9651
9651 3682
3682 96
96 2022
2022 9048
9048 7053
7053 8429
8429 8458
8458 627
627 4214
4214 9804
9804 9148
9148 3438
3438 1303
1303 4696
4696 4371
4371 5415
5415 8685
8685 2493
2493 1110
1110 1327
1327 6878
6878 6239
6239 7183
7183 1510
1510 2180
2180 9670
9670 5003
5003 9326
9326 5168
5168 767
767 4465
4465 7307
7307 4694
4694 6396
6396 5223
5223 4606
4606 7702
7702 9776
9776 8737
8737 321
321 4139
4139 3185
3185 7575
7575 4623
4623 8810
8810 5715
5715 694
694 967
967 3018
3018 5318
5318 546
546 1492
1492 1722
1722 3491
3491 8863
8863 7666
7666 2943
2943 2505
2505 3573
3573 9530
9530 645
645 4599
4599 2257
2257 8850
8850 9568
9568 1534
1534 791
791 1821
1821 2452
2452 1116
1116 9040
9040 3860
3860 5108
5108 7429
7429 6203
6203 2071
2071 1986
1986 6266
6266 8770
8770 5538
5538 5056
5056 1528
1528 8465
8465 6292
6292 740
740 9700
9700 2798
2798 4454
4454 1603
1603 4548
4548 8994
8994 7126
7126 2750
2750 1495
1495 8934
8934 314
314 3127
3127 4164
4164 3315
3315 3892
3892 8041
8041 1232
1232 2417
2417 4448
4448 9116
9116 594
594 8698
8698 7790
7790 8303
8303 7658
7658 3233
3233 5528
5528 1902
1902 5787
5787 5153
5153 4702
4702 3122
3122 9005
9005 8135
8135 7581
7581 9889
9889 2337
2337 2167
2167 1961
1961 524
524 9789
9789 1564
1564 5951
5951 2453
2453 1571
1571 5631
5631 2530
2530 4474
4474 141
141 3153
3153 5022
5022 3946
3946 5194
5194 4152
4152 532
532 5368
5368 5856
5856 2486
2486 7959
7959 2142
2142 1674
1674 5949
5949 1846
1846 5063
5063 7539
7539 6575
6575 3088
3088 4398
4398 780
780 4154
4154 5465
5465 9576
9576 4825
4825 7570
7570 6395
6395 6823
6823 3700
3700 7924
7924 1994
1994 7080
7080 7994
7994 2631
2631 7392
7392 964
964 3253
3253 7341
7341 6900
6900 2518
2518 4564
4564 5143
5143 9275
9275 3091
3091 5928
5928 5898
5898 8672
8672 1245
1245 4100
4100 731
731 6712
6712 741
741 5255
5255 7785
7785 7722
7722 5151
5151 5497
5497 3006
3006 4723
4723 3054
3054 9777
9777 2254
2254 6921
6921 5977
5977 1503
1503 1516
1516 6190
6190 5200
5200 6653
6653 1914
1914 3914
3914 3766
3766 5526
5526 3555
3555 7160
7160 1219
1219 106
106 2188
2188 280
280 2717
2717 3791
3791 3258
3258 5531
5531 170
170 4657
4657 2025
2025 2109
2109 2406
2406 5505
5505 8452
8452 3954
3954 1792
1792 8902
8902 4259
4259 8286
8286 9637
9637 5998
5998 7479
7479 7830
7830 2841
2841 7015
7015 922
922 2014
2014 5364
5364 4124
4124 5176
5176 7669
7669 1210
1210 5398
5398 7074
7074 34
34 623
623 5154
5154 8572
8572 3601
3601 2984
2984 2141
2141 424
424 1466
1466 6168
6168 682
682 9566
9566 6117
6117 8395
8395 4834
4834 8382
8382 8498
8498 7517
7517 9716
9716 4232
4232 3089
3089 3539
3539 2360
2360 6329
6329 812
812 6301
6301 6937
6937 4605
4605 5554
5554 4376
4376 105
105 5983
5983 6894
6894 8675
8675 3637
3637 7972
7972 8941
8941 4481
4481 528
528 7175
7175 4909
4909 5493
5493 2994
2994 5515
5515 9288
9288 529
529 1215
1215 3696
3696 7099
7099 5881
5881 3012
3012 7770
7770 2119
2119 8072
8072 1756
1756 2749
2749 9862
9862 7714
7714 6224
6224 2862
2862 3775
3775 1348
1348 8633
8633 665
665 9761
9761 6465
6465 9203
9203 1991
1991 3719
3719 1811
1811 7963
7963 919
919 9289
9289 3032
3032 1820
1820 560
560 5477
5477 5841
5841 3152
3152 5399
5399 679
679 1416
1416 8926
8926 6208
6208 7475
7475 829
829 2507
2507 9032
9032 2018
2018 4204
4204 2362
2362 3171
3171 1165
1165 3270
3270 1866
1866 6409
6409 6126
6126 1267
1267 8226
8226 5244
5244 4775
4775 2049
2049 3735
3735 6222
6222 7893
7893 9529
9529 3895
3895 2184
2184 3788
3788 1849
1849 9841
9841 6413
6413 3973
3973 450
450 8165
8165 5996
5996 8681
8681 7979
7979 5999
5999 823
823 2271
2271 94
94 3434
3434 5775
5775 4639
4639 9650
9650 4136
4136 5109
5109 1592
1592 8113
8113 509
509 4520
4520 5874
5874 3815
3815 5525
5525 4993
4993 9252
9252 9671
9671 9236
9236 2169
2169 1608
1608 4463
4463 2978
2978 5900
5900 3651
3651 971
971 7683
7683 6686
6686 7428
7428 9312
9312 5667
5667 1276
1276 2755
2755 6847
6847 9853
9853 3870
3870 8227
8227 7130
7130 5216
5216 3033
3033 6824
6824 1670
1670 7715
7715 2111
2111 2088
2088 3220
3220 2509
2509 572
572 9227
9227 840
840 4407
4407 2718
2718 5464
5464 1584
1584 9689
9689 9695
9695 807
807 7580
7580 456
456 6000
6000 5461
5461 6518
6518 836
836 3309
3309 7861
7861 1620
1620 3468
3468 9876
9876 9037
9037 1673
1673 821
821 1256
1256 1280
1280 8225
8225 3327
3327 9512
9512 7547
7547 1689
1689 5630
5630 6397
6397 166
166 6179
6179 7615
7615 9296
9296 2986
2986 8528
8528 126
126 2209
2209 2540
2540 1008
1008 209
209 4218
4218 4638
4638 2976
2976 2726
2726 934
934 8986
8986 6590
6590 8403
8403 1472
1472 7207
7207 5352
5352 7601
7601 3108
3108 8946
8946 789
789 3976
3976 781
781 6226
6226 397
397 359
359 8774
8774 4179
4179 7417
7417 1292
1292 9536
9536 1973
1973 5871
5871 3959
3959 1468
1468 8487
8487 7454
7454 3845
3845 604
604 9036
9036 5925
5925 7727
7727 2879
2879 6287
6287 4868
4868 8764
8764 1696
1696 9350
9350 1360
1360 6767
6767 5978
5978 7679
7679 1758
1758 3663
3663 7087
7087 3002
3002 7127
7127 2090
2090 3864
3864 4307
4307 6699
6699 5189
5189 4073
4073 842
842 4879
4879 3602
3602 2946
2946 2780
2780 433
433 7677
7677 3513
3513 5689
5689 8547
8547 3462
3462 4753
4753 5025
5025 5872
5872 6327
6327 2611
2611 4633
4633 1147
1147 9195
9195 882
882 4629
4629 886
886 970
970 6498
6498 1626
1626 386
386 5436
5436 4141
4141 4200
4200 2267
2267 8554
8554 1028
1028 1830
1830 1006
1006 1671
1671 3886
3886 8294
8294 319
319 4736
4736 3470
3470 589
589 1810
1810 1960
1960 2247
2247 9861
9861 8919
8919 1054
1054 1716
1716 291
291 8700
8700 238
238 4338
4338 4950
4950 2566
2566 9645
9645 8372
8372 4318
4318 9002
9002 2485
2485 561
561 990
990 5756
5756 3623
3623 7048
7048 1034
1034 6404
6404 2164
2164 414
414 4475
4475 233
233 7976
7976 4836
4836 4618
4618 3060
3060 2877
2877 7868
7868 7734
7734 4385
4385 1918
1918 1154
1154 7741
7741 9352
9352 3530
3530 5214
5214 6297
6297 489
489 5784
5784 7644
7644 1551
1551 8903
8903 6110
6110 9118
9118 5142
5142 1874
1874 8710
8710 1772
1772 5116
5116 1078
1078 9624
9624 6092
6092 8749
8749 2885
2885 725
725 6237
6237 2772
2772 1126
1126 3833
3833 6555
6555 6927
6927 4689
4689 7869
7869 7250
7250 7038
7038 8310
8310 8304
8304 1505
1505 9593
9593 4105
4105 2961
2961 44
44 405
405 667
667 8479
8479 7763
7763 8835
8835 9136
9136 1859
1859 4396
4396 5797
5797 7157
7157 5162
5162 6296
6296 8531
8531 9074
9074 8755
8755 4943
4943 8021
8021 8348
8348 3321
3321 9749
9749 7270
7270 7808
7808 986
986 1273
1273 6858
6858 6659
6659 5488
5488 5607
5607 4502
4502 4273
4273 930
930 6248
6248 2495
2495 4486
4486 8104
8104 8150
8150 1681
1681 7740
7740 5591
5591 8880
8880 4101
4101 5666
5666 5671
5671 9191
9191 4569
4569 1875
1875 743
743 1976
1976 9120
9120 4640
4640 252
252 9665
9665 8631
8631 1048
1048 3098
3098 5471
5471 6820
6820 6220
6220 415
415 9794
9794 8095
8095 822
822 3673
3673 6929
6929 4733
4733 8490
8490 7312
7312 4987
4987 1170
1170 5496
5496 5828
5828 2387
2387 5924
5924 7000
7000 9235
9235 3492
3492 5647
5647 8859
8859 4809
4809 4613
4613 2039
2039 3084
3084 8834
8834 2089
2089 6096
6096 317
317 2117
2117 466
466 5934
5934 996
996 2654
2654 3381
3381 4380
4380 6610
6610 7152
7152 7007
7007 6774
6774 2753
2753 9801
9801 8602
8602 481
481 379
379 581
581 3932
3932 2065
2065 4634
4634 8009
8009 5780
5780 3611
3611 5891
5891 8427
8427 6251
6251 9821
9821 8791
8791 6936
6936 7571
7571 3065
3065 3793
3793 7177
7177 3679
3679 7560
7560 2707
2707 1833
1833 6488
6488 6267
6267 3053
3053 9741
9741 5953
5953 3119
3119 4391
4391 3374
3374 9718
9718 7509
7509 3044
3044 1013
1013 7514
7514 355
355 944
944 1791
1791 516
516 5557
5557 7629
7629 839
839 172
172 8714
8714 358
358 520
520 6263
6263 8061
8061 6111
6111 7088
7088 2953
2953 3568
3568 3278
3278 6939
6939 1729
1729 8693
8693 6042
6042 8207
8207 1400
1400 6464
6464 738
738 2774
2774 3179
3179 3288
3288 9765
9765 6090
6090 7796
7796 2760
2760 2226
2226 1970
1970 9666
9666 9419
9419 8306
8306 7938
7938 8245
8245 1394
1394 2375
2375 5166
5166 3610
3610 7737
7737 3578
3578 5990
5990 1238
1238 7076
7076 9866
9866 5867
5867 3736
3736 2352
2352 1894
1894 7729
7729 5261
5261 320
320 1748
1748 2861
2861 9798
9798 4143
4143 3853
3853 4509
4509 3024
3024 2539
2539 4283
4283 2080
2080 5675
5675 58
58 31
31 9016
9016 3485
3485 1940
1940 5965
5965 1295
1295 2563
2563 657
657 8779
8779 1115
1115 5431
5431 9102
9102 9725
9725 5401
5401 945
945 7297
7297 5759
5759 5105
5105 549
549 6116
6116 8358
8358 8482
8482 1265
1265 3518
3518 1049
1049 130
130 6486
6486 7047
7047 1262
1262 235
235 8649
8649 3549
3549 7887
7887 5803
5803 9239
9239 1903
1903 6197
6197 8016
8016 7921
7921 9436
9436 7801
7801 5062
5062 6835
6835 2002
2002 5213
5213 7102
7102 7351
7351 4969
4969 8584
8584 3395
3395 2791
2791 390
390 8936
8936 5170
5170 1517
1517 2553
2553 5794
5794 443
443 5118
5118 6204
6204 9562
9562 1856
1856 3677
3677 4148
4148 5580
5580 5057
5057 1938
1938 3009
3009 2582
2582 1278
1278 8914
8914 4451
4451 6390
6390 9302
9302 6918
6918 2423
2423 935
935 2166
2166 2922
2922 9031
9031 4832
4832 8650
8650 4537
4537 5652
5652 2127
2127 9717
9717 5226
5226 7880
7880 4171
4171 119
119 145
145 2246
2246 2429
2429 6043
6043 8549
8549 9052
9052 5159
5159 7443
7443 8096
8096 2311
2311 5190
5190 7914
7914 2548
2548 6707
6707 8797
8797 192
192 3257
3257 6382
6382 104
104 5405
5405 2673
2673 8908
8908 6977
6977 1346
1346 6171
6171 7223
7223 3203
3203 1204
1204 3016
3016 2669
2669 8546
8546 5221
5221 3827
3827 2534
2534 649
649 4801
4801 9673
9673 3938
3938 8762
8762 3934
3934 4720
4720 6951
6951 7512
7512 6015
6015 4729
4729 1091
1091 859
859 4076
4076 3949
3949 4028
4028 7162
7162 684
684 4355
4355 9088
9088 6071
6071 259
259 2305
2305 5594
5594 6531
6531 6981
6981 3301
3301 5064
5064 1196
1196 9381
9381 8897
8897 8853
8853 8351
8351 6583
6583 1794
1794 1909
1909 1442
1442 4581
4581 1203
1203 2477
2477 7757
7757 240
240 1444
1444 5392
5392 9183
9183 6635
6635 5559
5559 9739
9739 4476
4476 9161
9161 187
187 8497
8497 8553
8553 7589
7589 8641
8641 3136
3136 3333
3333 9719
9719 874
874 4491
4491 9484
9484 3585
3585 3167
3167 9131
9131 6286
6286 3373
3373 1980
1980 3807
3807 9532
9532 95
95 1699
1699 6684
6684 558
558 5433
5433 7671
7671 2538
2538 4434
4434 4814
4814 9265
9265 6385
6385 9068
9068 2397
2397 4903
4903 7779
7779 6582
6582 4567
4567 5400
5400 5092
5092 4673
4673 5145
5145 7764
7764 2140
2140 8655
8655 8645
8645 4304
4304 1367
1367 3237
3237 3147
3147 3832
3832 6962
6962 999
999 1609
1609 1583
1583 9228
9228 6779
6779 879
879 7883
7883 1612
1612 569
569 7964
7964 5633
5633 2776
2776 6365
6365 4194
4194 7656
7656 3846
3846 2269
2269 9730
9730 7962
7962 4746
4746 596
596 611
611 5523
5523 2547
2547 1691
1691 274
274 7204
7204 4774
4774 2575
2575 5264
5264 8149
8149 420
420 5878
5878 9768
9768 8434
8434 3709
3709 3574
3574 4686
4686 2967
2967 994
994 4263
4263 8767
8767 845
845 3584
3584 5175
5175 9644
9644 7483
7483 1764
1764 2741
2741 6427
6427 7773
7773 1146
1146 1541
1541 7906
7906 6541
6541 5919
5919 1001
1001 1097
1097 4946
4946 2478
2478 8543
8543 808
808 7709
7709 3450
3450 8419
8419 4644
4644 6334
6334 2052
2052 4118
4118 2506
2506 713
713 2336
2336 9387
9387 8205
8205 1111
1111 1591
1591 6588
6588 6146
6146 7176
7176 3222
3222 8540
8540 6884
6884 5740
5740 5329
5329 6679
6679 3210
3210 2714
2714 3474
3474 4439
4439 6176
6176 8433
8433 5710
5710 1440
1440 4241
4241 4119
4119 8200
8200 1861
1861 3652
3652 6073
6073 4620
4620 4436
4436 2591
2591 3729
3729 8196
8196 6998
6998 6362
6362 9039
9039 9847
9847 6354
6354 7339
7339 3207
3207 8488
8488 2917
2917 8050
8050 9371
9371 8717
8717 4754
4754 8032
8032 9766
9766 8915
8915 1130
1130 6215
6215 9388
9388 6568
6568 9154
9154 8933
8933 5858
5858 8254
8254 5027
5027 7819
7819 7044
7044 8888
8888 6781
6781 5451
5451 8514
8514 8014
8014 8074
8074 7359
7359 9108
9108 1409
1409 966
966 2951
2951 683
683 7008
7008 231
231 7520
7520 2821
2821 372
372 5535
5535 5601
5601 2206
2206 5391
5391 5561
5561 6446
6446 5992
5992 7367
7367 6421
6421 1659
1659 5714
5714 6958
6958 2289
2289 3726
3726 4957
4957 7802
7802 9091
9091 9213
9213 2353
2353 730
730 7166
7166 7032
7032 2849
2849 8890
8890 1725
1725 2975
2975 567
567 8515
8515 9190
9190 8292
8292 2442
2442 4228
4228 9140
9140 8626
8626 6201
6201 8957
8957 4905
4905 2221
2221 5948
5948 3755
3755 6733
6733 8493
8493 2349
2349 6113
6113 1279
1279 7326
7326 8900
8900 5421
5421 6573
6573 7870
7870 7973
7973 9413
9413 9837
9837 7285
7285 8176
8176 3117
3117 1717
1717 6806
6806 9053
9053 7460
7460 6408
6408 1965
1965 5427
5427 8084
8084 3269
3269 8669
8669 7172
7172 5530
5530 2729
2729 216
216 2199
2199 4961
4961 856
856 8145
8145 7617
7617 9329
9329 5075
5075 2785
2785 6049
6049 4901
4901 392
392 1407
1407 732
732 559
559 7603
7603 1477
1477 7214
7214 7090
7090 3857
3857 5068
5068 3806
3806 3759
3759 2234
2234 7395
7395 327
327 8460
8460 2937
2937 9050
9050 8636
8636 4360
4360 2028
2028 4277
4277 852
852 9780
9780 3275
3275 2860
2860 1171
1171 3990
3990 6002
6002 2143
2143 6024
6024 6189
6189 7625
7625 9180
9180 5078
5078 4849
4849 5684
5684 8581
8581 7415
7415 5739
5739 7833
7833 6291
6291 1192
1192 2794
2794 4779
4779 2326
2326 3141
3141 8780
8780 6426
6426 9887
9887 1453
1453 2817
2817 2152
2152 5039
5039 9840
9840 8746
8746 9308
9308 6708
6708 9306
9306 5687
5687 9751
9751 4342
4342 6539
6539 7438
7438 2407
2407 5628
5628 9495
9495 5173
5173 2487
2487 3762
3762 5627
5627 2077
2077 7412
7412 186
186 6485
6485 5280
5280 8995
8995 2316
2316 3764
3764 5135
5135 8277
8277 7133
7133 4071
4071 3927
3927 8580
8580 5598
5598 9310
9310 699
699 4320
4320 773
773 591
591 2370
2370 8959
8959 7408
7408 6626
6626 1077
1077 7110
7110 542
542 5283
5283 7163
7163 578
578 418
418 8224
8224 5158
5158 4108
4108 8384
8384 4918
4918 8768
8768 5285
5285 4525
4525 2525
2525 5920
5920 5402
5402 8236
8236 2769
2769 4116
4116 8742
8742 6607
6607 5864
5864 8489
8489 1508
1508 9372
9372 9196
9196 8707
8707 4615
4615 1618
1618 5553
5553 4804
4804 4446
4446 7055
7055 9014
9014 6725
6725 6825
6825 4012
4012 4951
4951 3302
3302 7430
7430 4410
4410 5811
5811 6403
6403 1231
1231 2328
2328 3582
3582 9629
9629 6567
6567 9336
9336 5434
5434 2758
2758 7354
7354 7499
7499 4366
4366 1000
1000 6109
6109 7363
7363 6783
6783 3629
3629 2876
2876 8124
8124 7077
7077 9672
9672 1225
1225 5060
5060 3980
3980 8694
8694 6522
6522 8713
8713 3893
3893 9320
9320 550
550 7021
7021 8918
8918 2604
2604 4032
4032 8100
8100 7735
7735 1342
1342 2596
2596 5499
5499 4162
4162 4840
4840 6123
6123 2016
2016 2703
2703 4183
4183 6419
6419 6091
6091 5757
5757 1087
1087 8229
8229 8625
8625 2615
2615 8455
8455 5736
5736 6119
6119 6407
6407 8882
8882 9456
9456 7597
7597 6021
6021 1700
1700 5290
5290 5592
5592 1194
1194 6445
6445 1548
1548 7610
7610 8040
8040 8544
8544 985
985 3204
3204 279
279 3370
3370 7459
7459 6294
6294 2983
2983 7234
7234 4011
4011 862
862 8
8 7810
7810 5225
5225 153
153 7153
7153 997
997 4550
4550 7693
7693 7831
7831 857
857 3260
3260 1378
1378 4875
4875 3252
3252 2574
2574 6302
6302 960
960 3592
3592 5766
5766 786
786 8321
8321 8958
8958 5440
5440 2475
2475 6076
6076 9596
9596 815
815 1051
1051 6233
6233 9129
9129 7873
7873 4940
4940 1364
1364 9707
9707 4267
4267 8114
8114 4496
4496 3699
3699 9570
9570 115
115 6935
6935 9479
9479 7470
7470 5099
5099 6003
6003 4456
4456 3620
3620 1878
1878 3524
3524 3040
3040 2561
2561 9012
9012 3439
3439 4113
4113 1089
1089 6114
6114 6853
6853 585
585 4348
4348 8856
8856 8295
8295 5303
5303 512
512 535
535 3834
3834 3077
3077 4810
4810 9838
9838 4206
4206 8185
8185 9076
9076 9218
9218 7751
7751 1047
1047 3345
3345 6763
6763 8733
8733 1391
1391 2412
2412 2496
2496 347
347 6121
6121 9595
9595 8020
8020 4745
4745 7350
7350 5578
5578 5023
5023 9755
9755 5649
5649 1611
1611 7562
7562 7758
7758 3579
3579 715
715 1470
1470 7397
7397 431
431 9661
9661 1996
1996 4932
4932 1408
1408 8128
8128 6954
6954 4177
4177 2092
2092 5146
5146 5729
5729 7712
7712 8471
8471 7092
7092 8036
8036 685
685 7933
7933 7917
7917 1330
1330 6886
6886 652
652 2019
2019 701
701 9276
9276 1977
1977 1293
1293 1024
1024 4052
4052 9769
9769 9010
9010 1427
1427 4893
4893 4004
4004 6206
6206 797
797 4189
4189 308
308 6671
6671 8537
8537 9198
9198 8299
8299 3243
3243 8439
8439 1281
1281 9447
9447 9787
9787 7898
7898 9897
9897 948
948 5422
5422 8279
8279 9280
9280 8772
8772 3683
3683 4587
4587 9467
9467 3546
3546 3977
3977 2893
2893 9750
9750 5902
5902 8097
8097 8557
8557 4541
4541 8048
8048 3232
3232 1010
1010 276
276 1425
1425 9521
9521 3516
3516 690
690 4156
4156 5685
5685 4626
4626 6344
6344 1595
1595 9353
9353 9171
9171 1021
1021 2037
2037 5298
5298 361
361 8141
8141 8219
8219 3911
3911 6100
6100 7552
7552 7496
7496 1107
1107 4793
4793 1375
1375 6529
6529 374
374 8870
8870 3595
3595 7394
7394 4302
4302 8486
8486 3575
3575 6924
6924 3175
3175 2698
2698 5611
5611 6899
6899 872
872 3037
3037 1848
1848 3086
3086 3776
3776 2024
2024 8484
8484 2988
2988 8571
8571 8261
8261 254
254 8803
8803 7590
7590 2536
2536 1319
1319 969
969 1080
1080 7259
7259 9347
9347 6574
6574 5543
5543 4994
4994 8871
8871 1448
1448 3534
3534 8952
8952 806
806 2456
2456 7616
7616 3163
3163 8893
8893 7303
7303 5117
5117 6757
6757 7771
7771 5387
5387 8977
8977 873
873 8711
8711 8617
8617 360
360 6086
6086 5424
5424 3042
3042 52
52 716
716 37
37 1751
1751 4442
4442 8379
8379 8414
8414 458
458 2745
2745 8111
8111 8441
8441 5237
5237 7343
7343 3704
3704 40
40 6241
6241 8442
8442 4082
4082 81
81 4261
4261 3975
3975 8824
8824 6625
6625 9612
9612 801
801 6384
6384 5537
5537 3662
3662 6478
6478 472
472 8889
8889 2888
2888 1143
1143 1644
1644 3025
3025 1193
1193 6576
6576 4668
4668 9819
9819 1879
1879 2656
2656 8831
8831 1241
1241 6139
6139 9496
9496 1891
1891 4005
4005 148
148 3899
3899 1863
1863 7992
7992 754
754 9119
9119 1377
1377 283
283 7503
7503 3801
3801 7799
7799 8110
8110 4358
4358 6735
6735 8218
8218 3617
3617 2455
2455 3703
3703 8987
8987 8108
8108 482
482 4345
4345 1685
1685 4522
4522 2672
2672 2721
2721 3379
3379 293
293 8590
8590 4378
4378 4632
4632 1112
1112 9009
9009 3672
3672 610
610 8059
8059 7075
7075 8576
8576 4687
4687 4231
4231 9714
9714 4443
4443 2200
2200 1881
1881 1765
1765 830
830 1167
1167 7760
7760 9426
9426 9176
9176 9643
9643 183
183 5745
5745 5730
5730 6282
6282 7839
7839 3635
3635 2223
2223 8177
8177 3538
3538 6023
6023 5180
5180 8282
8282 4329
4329 436
436 7602
7602 5132
5132 3282
3282 9340
9340 1557
1557 4771
4771 8024
8024 5813
5813 8989
8989 7210
7210 8503
8503 11
11 5812
5812 3155
3155 6193
6193 1294
1294 9890
9890 4262
4262 3881
3881 4492
4492 364
364 9414
9414 5296
5296 2461
2461 1
1 3452
3452 5738
5738 4099
4099 8876
8876 3236
3236 5967
5967 9243
9243 7574
7574 6903
6903 8670
8670 9186
9186 9881
9881 2277
2277 817
817 9860
9860 5100
5100 619
619 5038
5038 4542
4542 4227
4227 7776
7776 3449
3449 1033
1033 4296
4296 5577
5577 7398
7398 3796
3796 3378
3378 4233
4233 1333
1333 2612
2612 6401
6401 4035
4035 3598
3598 7748
7748 4075
4075 7820
7820 3241
3241 2098
2098 607
607 5632
5632 302
302 9790
9790 8394
8394 8018
8018 7643
7643 8591
8591 1079
1079 9534
9534 3654
3654 5181
5181 4675
4675 4986
4986 9904
9904 6007
6007 5717
5717 448
448 6010
6010 6689
6689 9738
9738 2197
2197 7093
7093 5552
5552 8092
8092 4807
4807 9189
9189 9181
9181 7762
7762 9193
9193 8785
8785 3745
3745 7444
7444 2820
2820 674
674 7486
7486 7579
7579 2129
2129 7144
7144 5172
5172 3589
3589 5863
5863 6217
6217 5809
5809 4641
4641 4749
4749 2294
2294 6599
6599 6135
6135 7733
7733 2466
2466 2219
2219 6698
6698 2960
2960 7065
7065 5651
5651 1480
1480 7633
7633 7464
7464 2335
2335 1083
1083 7014
7014 2757
2757 6348
6348 4768
4768 4062
4062 8511
8511 98
98 6459
6459 406
406 6883
6883 3384
3384 6803
6803 5201
5201 9007
9007 2966
2966 7388
7388 854
854 4577
4577 7623
7623 4531
4531 4373
4373 3314
3314 963
963 5844
5844 5514
5514 4821
4821 691
691 3443
3443 8360
8360 4874
4874 8320
8320 1882
1882 752
752 926
926 6157
6157 9510
9510 9628
9628 4876
4876 8025
8025 4752
4752 7730
7730 3487
3487 464
464 4782
4782 3347
3347 1370
1370 3342
3342 9001
9001 8352
8352 2898
2898 2599
2599 3887
3887 9864
9864 8029
8029 975
975 2332
2332 4561
4561 9046
9046 2062
2062 1329
1329 6430
6430 7564
7564 3489
3489 2248
2248 1532
1532 747
747 5595
5595 3202
3202 5330
5330 3279
3279 3107
3107 3181
3181 9662
9662 5831
5831 7929
7929 7069
7069 7143
7143 9351
9351 7253
7253 7805
7805 8665
8665 7699
7699 4250
4250 8298
8298 3249
3249 3011
3011 4826
4826 46
46 5204
5204 2128
2128 6373
6373 5373
5373 391
391 9813
9813 616
616 5184
5184 6155
6155 1804
1804 6550
6550 2230
2230 7091
7091 256
256 1036
1036 5911
5911 2850
2850 6544
6544 6953
6953 1336
1336 8090
8090 306
306 6247
6247 5344
5344 4776
4776 1785
1785 2369
2369 1581
1581 8929
8929 8805
8805 3424
3424 4357
4357 2989
2989 775
775 4831
4831 8632
8632 7190
7190 3170
3170 1768
1768 2696
2696 7703
7703 2322
2322 9438
9438 2605
2605 6752
6752 7511
7511 340
340 1744
1744 1619
1619 8588
8588 6826
6826 4966
4966 8568
8568 8827
8827 9826
9826 6971
6971 9541
9541 8507
8507 5889
5889 3090
3090 8199
8199 4462
4462 700
700 6816
6816 8495
8495 8667
8667 6499
6499 3817
3817 6676
6676 668
668 7927
7927 6542
6542 4361
4361 5933
5933 6025
6025 7273
7273 9422
9422 7719
7719 7109
7109 9764
9764 2489
2489 3964
3964 5324
5324 9110
9110 7033
7033 5093
5093 2000
2000 9660
9660 2665
2665 2565
2565 2317
2317 16
16 5452
5452 664
664 9112
9112 6554
6554 6730
6730 3427
3427 7178
7178 6066
6066 5457
5457 6562
6562 2652
2652 6083
6083 1269
1269 7655
7655 3444
3444 2413
2413 2801
2801 660
660 3604
3604 6992
6992 7035
7035 3184
3184 777
777 4309
4309 9319
9319 3103
3103 5231
5231 7100
7100 3667
3667 3839
3839 523
523 7434
7434 3890
3890 1844
1844 7857
7857 4880
4880 8692
8692 1687
1687 8420
8420 7971
7971 1011
1011 2963
2963 5377
5377 1191
1191 8940
8940 8257
8257 9763
9763 7145
7145 1045
1045 3790
3790 8729
8729 4088
4088 9097
9097 1366
1366 1529
1529 294
294 8103
8103 6242
6242 7891
7891 2884
2884 4243
4243 5482
5482 3078
3078 202
202 1885
1885 5156
5156 5459
5459 2172
2172 2306
2306 4397
4397 5328
5328 8806
8806 4533
4533 4677
4677 6991
6991 8115
8115 9292
9292 7651
7651 1309
1309 9517
9517 1630
1630 7373
7373 5989
5989 6392
6392 1628
1628 2348
2348 9397
9397 3942
3942 4055
4055 3644
3644 6955
6955 7248
7248 217
217 3023
3023 5278
5278 9469
9469 5447
5447 7342
7342 9199
9199 4608
4608 3926
3926 5021
5021 5235
5235 8630
8630 9737
9737 1125
1125 1631
1631 2616
2616 2756
2756 724
724 4741
4741 9696
9696 8228
8228 7013
7013 4137
4137 1658
1658 5120
5120 9169
9169 1487
1487 5772
5772 790
790 9017
9017 2341
2341 1098
1098 7506
7506 3188
3188 904
904 6281
6281 8892
8892 5079
5079 1464
1464 2081
2081 2557
2557 6553
6553 6940
6940 4609
4609 8416
8416 7161
7161 6520
6520 7769
7769 8042
8042 4253
4253 9855
9855 4418
4418 479
479 1483
1483 5429
5429 2153
2153 4958
4958 2059
2059 475
475 8426
8426 5629
5629 568
568 9124
9124 1020
1020 1964
1964 2458
2458 3958
3958 5760
5760 6195
6195 8163
8163 9365
9365 6705
6705 3861
3861 4444
4444 4408
4408 7918
7918 6623
6623 7111
7111 1713
1713 7915
7915 6517
6517 9278
9278 3666
3666 6260
6260 6187
6187 9028
9028 762
762 1358
1358 9022
9022 7984
7984 6118
6118 4833
4833 2514
2514 9852
9852 2340
2340 1415
1415 3856
3856 5579
5579 5207
5207 2308
2308 3953
3953 1272
1272 7284
7284 22
22 4896
4896 338
338 5483
5483 3015
3015 7004
7004 539
539 8338
8338 918
918 1775
1775 2746
2746 8167
8167 9103
9103 3840
3840 382
382 1393
1393 1803
1803 4727
4727 2619
2619 4484
4484 6380
6380 6141
6141 3836
3836 9047
9047 8790
8790 2522
2522 9463
9463 7085
7085 1064
1064 3761
3761 5097
5097 570
570 1668
1668 4334
4334 2929
2929 9428
9428 5372
5372 4549
4549 4761
4761 286
286 4872
4872 4504
4504 721
721 3417
3417 5317
5317 6437
6437 9657
9657 3924
3924 8736
8736 629
629 8327
8327 8701
8701 7442
7442 3464
3464 8866
8866 7481
7481 8872
8872 3891
3891 6660
6660 6500
6500 2904
2904 7958
7958 5599
5599 3411
3411 5886
5886 7836
7836 1615
1615 2639
2639 6560
6560 3785
3785 9609
9609 9160
9160 1560
1560 5291
5291 2401
2401 9885
9885 7461
7461 3066
3066 1099
1099 6012
6012 6442
6442 8732
8732 2058
2058 2379
2379 9364
9364 3307
3307 565
565 9829
9829 1796
1796 9182
9182 2731
2731 3364
3364 425
425 746
746 1974
1974 6182
6182 5171
5171 1629
1629 4888
4888 998
998 8752
8752 2543
2543 5720
5720 324
324 4867
4867 9200
9200 4238
4238 5301
5301 8328
8328 659
659 3073
3073 4009
4009 4488
4488 9187
9187 7308
7308 8545
8545 8107
8107 2258
2258 1486
1486 3380
3380 164
164 5657
5657 8521
8521 7548
7548 3605
3605 6433
6433 8088
8088 9851
9851 6898
6898 1735
1735 8326
8326 7981
7981 7266
7266 7818
7818 4416
4416 3331
3331 8676
8676 6794
6794 541
541 1032
1032 8781
8781 7754
7754 7368
7368 6060
6060 2102
2102 3872
3872 1467
1467 1678
1678 6967
6967 257
257 5030
5030 5956
5956 2259
2259 6948
6948 1761
1761 7439
7439 2074
2074 2265
2265 1726
1726 7323
7323 1607
1607 5597
5597 1490
1490 7746
7746 6009
6009 4936
4936 1339
1339 9416
9416 4672
4672 5681
5681 8067
8067 750
750 6648
6648 9613
9613 2390
2390 6732
6732 1983
1983 584
584 4299
4299 8523
8523 4665
4665 6454
6454 6980
6980 5466
5466 704
704 5489
5489 7782
7782 4650
4650 1728
1728 4990
4990 8004
8004 1334
1334 1992
1992 2291
2291 7158
7158 2816
2816 3172
3172 3984
3984 2657
2657 9500
9500 9023
9023 3850
3850 7584
7584 7882
7882 435
435 5356
5356 387
387 7701
7701 2987
2987 8980
8980 210
210 5614
5614 5762
5762 7630
7630 122
122 8653
8653 1884
1884 563
563 5635
5635 7469
7469 669
669 4731
4731 9114
9114 7935
7935 3636
3636 8178
8178 2195
2195 7167
7167 2923
2923 6854
6854 2374
2374 5259
5259 9391
9391 3
3 2231
2231 4527
4527 530
530 4349
4349 914
914 1998
1998 9872
9872 8129
8129 7672
7672 1459
1459 6545
6545 404
404 6612
6612 6968
6968 4799
4799 1943
1943 4286
4286 3431
3431 1812
1812 8456
8456 117
117 7441
7441 1178
1178 3359
3359 2763
2763 8053
8053 8647
8647 160
160 7621
7621 744
744 3648
3648 7485
7485 5217
5217 6511
6511 8080
8080 5008
5008 7103
7103 6252
6252 5495
5495 91
91 7220
7220 8300
8300 3318
3318 3475
3475 3414
3414 471
471 8828
8828 1371
1371 9674
9674 2284
2284 927
927 2535
2535 7330
7330 4965
4965 5037
5037 4982
4982 6766
6766 3339
3339 7821
7821 4705
4705 2958
2958 2838
2838 3529
3529 1845
1845 6759
6759 7028
7028 9592
9592 4483
4483 4559
4559 1682
1682 8485
8485 8367
8367 1807
1807 4934
4934 5293
5293 3123
3123 6649
6649 6947
6947 4540
4540 368
368 1759
1759 9369
9369 641
641 3226
3226 8697
8697 6170
6170 6107
6107 9156
9156 4314
4314 7060
7060 8057
8057 4140
4140 4031
4031 8991
8991 1565
1565 1663
1663 4047
4047 7546
7546 7287
7287 1755
1755 2867
2867 3498
3498 8353
8353 5104
5104 9614
9614 5892
5892 2026
2026 6944
6944 4110
4110 6
6 7739
7739 8956
8956 3567
3567 3628
3628 5084
5084 2023
2023 6943
6943 9174
9174 6650
6650 4064
4064 2408
2408 1031
1031 5574
5574 8473
8473 1228
1228 333
333 8912
8912 954
954 5185
5185 7694
7694 5768
5768 6808
6808 1585
1585 1237
1237 7017
7017 5453
5453 6931
6931 1838
1838 9013
9013 3660
3660 8003
8003 90
90 778
778 9550
9550 8211
8211 8430
8430 7410
7410 9509
9509 1886
1886 3690
3690 4877
4877 2705
2705 5018
5018 1479
1479 4482
4482 4470
4470 8730
8730 7022
7022 785
785 3925
3925 7797
7797 5839
5839 811
811 4045
4045 1053
1053 9833
9833 7653
7653 1814
1814 5870
5870 7482
7482 4837
4837 7852
7852 1523
1523 1677
1677 36
36 8674
8674 7636
7636 7480
7480 6323
6323 7851
7851 2500
2500 3076
3076 3991
3991 5420
5420 4578
4578 6284
6284 3656
3656 5494
5494 5262
5262 686
686 2051
2051 3653
3653 4222
4222 7051
7051 9803
9803 5178
5178 5823
5823 3284
3284 9781
9781 351
351 3273
3273 7516
7516 8516
8516 74
74 8624
8624 3158
3158 2883
2883 3425
3425 8210
8210 4666
4666 363
363 5922
5922 4312
4312 2835
2835 3365
3365 5873
5873 2483
2483 2061
2061 6497
6497 47
47 2629
2629 2279
2279 5359
5359 2740
2740 230
230 6611
6611 5432
5432 8535
8535 7019
7019 6761
6761 3159
3159 628
628 9042
9042 5215
5215 2110
2110 2624
2624 6361
6361 642
642 6339
6339 9019
9019 8106
8106 8623
8623 1138
1138 3140
3140 3551
3551 1519
1519 9825
9825 3297
3297 1205
1205 2198
2198 1610
1610 236
236 9417
9417 5862
5862 4411
4411 7528
7528 9420
9420 8240
8240 2133
2133 5819
5819 5835
5835 7697
7697 3641
3641 3675
3675 5605
5605 6849
6849 468
468 2792
2792 2992
2992 5492
5492 9880
9880 7159
7159 9072
9072 82
82 4126
4126 7029
7029 9878
9878 3837
3837 837
837 5193
5193 8204
8204 2163
2163 4695
4695 6013
6013 9090
9090 32
32 3387
3387 2056
2056 1946
1946 1780
1780 6492
6492 1217
1217 5837
5837 3570
3570 2637
2637 5944
5944 3818
3818 1017
1017 1524
1524 6760
6760 2036
2036 6001
6001 1044
1044 7435
7435 7874
7874 2601
2601 9729
9729 6245
6245 3124
3124 7772
7772 4811
4811 7336
7336 6376
6376 5940
5940 8355
8355 4332
4332 7012
7012 4192
4192 426
426 9008
9008 9415
9415 3844
3844 2363
2363 2970
2970 8475
8475 8079
8079 6747
6747 7555
7555 3859
3859 4573
4573 2004
2004 2996
2996 2916
2916 2865
2865 7537
7537 9274
9274 7185
7185 3996
3996 3014
3014 2170
2170 7823
7823 980
980 631
631 5209
5209 1494
1494 4212
4212 1967
1967 2683
2683 9569
9569 6840
6840 4389
4389 1633
1633 4971
4971 332
332 3805
3805 9025
9025 3877
3877 9341
9341 8323
8323 598
598 7413
7413 7272
7272 2396
2396 3483
3483 6715
6715 4092
4092 4132
4132 408
408 1753
1753 6423
6423 4217
4217 6051
6051 462
462 8875
8875 5472
5472 2115
2115 1155
1155 7142
7142 6102
6102 1398
1398 8830
8830 328
328 7148
7148 6677
6677 8687
8687 4387
4387 1941
1941 5861
5861 9045
9045 7635
7635 6082
6082 6990
6990 2716
2716 6565
6565 9127
9127 6240
6240 9863
9863 8786
8786 7082
7082 8525
8525 5610
5610 3349
3349 8761
8761 4938
4938 612
612 5658
5658 8837
8837 54
54 4919
4919 1847
1847 7913
7913 6075
6075 8344
8344 5072
5072 4084
4084 3993
3993 3908
3908 4323
4323 9493
9493 2659
2659 2609
2609 6058
6058 6877
6877 1373
1373 4827
4827 8464
8464 7420
7420 2385
2385 671
671 6647
6647 7919
7919 2814
2814 3308
3308 646
646 3665
3665 7232
7232 1216
1216 4598
4598 3442
3442 3420
3420 1149
1149 3457
3457 4688
4688 3527
3527 7978
7978 2551
2551 3118
3118 7208
7208 1683
1683 3906
3906 3022
3022 8070
8070 8605
8605 992
992 5042
5042 9348
9348 4921
4921 5112
5112 8043
8043 8656
8656 8683
8683 3156
3156 1889
1889 4180
4180 9272
9272 312
312 5202
5202 1815
1815 8139
8139 802
802 6652
6652 1777
1777 1481
1481 9886
9886 1831
1831 110
110 8922
8922 8740
8740 8629
8629 8962
8962 5134
5134 3900
3900 2063
2063 9448
9448 8006
8006 5746
5746 7279
7279 8157
8157 6479
6479 7205
7205 6104
6104 938
938 5912
5912 1854
1854 2373
2373 2346
2346 497
497 9457
9457 3096
3096 5067
5067 1954
1954 2520
2520 7370
7370 2179
2179 6316
6316 5945
5945 9538
9538 1283
1283 3730
3730 3426
3426 7002
7002 9026
9026 5570
5570 100
100 4423
4423 9144
9144 6178
6178 9898
9898 4506
4506 2872
2872 3035
3035 24
24 6946
6946 7237
7237 493
493 8324
8324 7681
7681 6595
6595 7565
7565 9211
9211 7174
7174 244
244 6538
6538 189
189 4698
4698 728
728 3820
3820 9020
9020 2529
2529 5230
5230 1860
1860 4308
4308 1317
1317 6299
6299 7993
7993 2210
2210 8509
8509 7685
7685 247
247 3769
3769 4242
4242 223
223 5589
5589 9370
9370 4791
4791 6791
6791 441
441 3686
3686 5179
5179 8437
8437 540
540 5850
5850 8287
8287 5776
5776 853
853 4472
4472 5518
5518 7832
7832 2644
2644 2176
2176 7282
7282 9785
9785 9676
9676 2263
2263 9385
9385 2233
2233 4145
4145 5642
5642 3520
3520 9248
9248 4021
4021 9542
9542 825
825 3008
3008 9107
9107 4090
4090 8370
8370 6493
6493 3919
3919 8678
8678 1639
1639 7231
7231 7732
7732 7018
7018 4738
4738 9226
9226 5243
5243 3039
3039 2472
2472 6136
6136 9263
9263 3293
3293 4643
4643 8864
8864 5604
5604 1451
1451 9089
9089 2564
2564 1555
1555 9891
9891 4060
4060 4048
4048 5697
5697 2212
2212 7179
7179 1337
1337 3985
3985 4552
4552 2270
2270 8365
8365 2227
2227 8818
8818 8494
8494 2913
2913 5256
5256 2260
2260 5890
5890 253
253 3484
3484 1243
1243 1662
1662 1189
1189 2532
2532 8809
8809 4174
4174 4205
4205 9649
9649 2459
2459 7446
7446 2217
2217 2303
2303 670
670 3455
3455 7618
7618 5342
5342 4929
4929 8763
8763 7961
7961 4239
4239 1141
1141 4898
4898 1675
1675 8798
8798 5381
5381 7043
7043 4257
4257 7619
7619 6250
6250 9589
9589 3187
3187 7533
7533 7510
7510 3079
3079 7422
7422 8418
8418 4014
4014 3838
3838 9582
9582 748
748 3566
3566 1840
1840 2099
2099 6393
6393 465
465 9205
9205 2060
2060 200
200 4400
4400 6879
6879 1476
1476 4690
4690 8030
8030 8263
8263 6775
6775 3711
3711 5232
5232 982
982 3787
3787 5029
5029 7784
7784 6134
6134 9123
9123 6505
6505 1306
1306 7786
7786 4519
4519 2747
2747 5446
5446 1926
1926 4340
4340 1437
1437 7474
7474 3718
3718 5668
5668 9069
9069 7374
7374 2653
2653 7329
7329 4353
4353 8083
8083 760
760 6372
6372 5683
5683 1302
1302 9212
9212 5379
5379 6566
6566 3947
3947 8577
8577 9427
9427 7290
7290 7391
7391 2125
2125 6637
6637 4850
4850 3178
3178 4268
4268 9474
9474 8175
8175 179
179 8666
8666 4351
4351 4002
4002 9691
9691 7545
7545 7393
7393 508
508 9756
9756 4128
4128 590
590 6889
6889 9621
9621 3831
3831 3743
3743 6032
6032 1922
1922 7246
7246 2773
2773 1335
1335 8777
8777 9605
9605 8137
8137 5082
5082 8131
8131 7445
7445 4086
4086 4743
4743 2630
2630 3522
3522 7743
7743 1106
1106 8575
8575 8105
8105 1129
1129 5693
5693 846
846 7319
7319 1109
1109 7203
7203 7137
7137 6895
6895 9290
9290 4667
4667 8146
8146 5323
5323 9870
9870 4669
4669 5340
5340 7522
7522 1801
1801 2558
2558 9166
9166 7854
7854 5130
5130 913
913 6571
6571 9667
9667 5233
5233 3676
3676 4282
4282 9315
9315 8686
8686 1799
1799 9380
9380 8260
8260 7115
7115 8513
8513 5941
5941 3093
3093 211
211 8147
8147 49
49 6982
6982 1104
1104 9551
9551 4130
4130 2933
2933 4157
4157 942
942 2981
2981 8400
8400 9049
9049 8773
8773 3624
3624 1023
1023 1174
1174 8604
8604 3499
3499 1982
1982 7845
7845 4864
4864 3296
3296 1123
1123 8971
8971 3005
3005 6536
6536 4058
4058 2345
2345 3132
3132 7366
7366 7355
7355 341
341 3265
3265 2679
2679 8878
8878 3259
3259 3739
3739 138
138 761
761 885
885 6815
6815 940
940 6011
6011 2968
2968 9602
9602 1512
1512 1060
1060 2435
2435 4707
4707 6088
6088 5788
5788 8932
8932 1282
1282 339
339 9773
9773 1179
1179 4365
4365 7409
7409 5786
5786 1257
1257 356
356 8671
8671 7650
7650 8620
8620 6101
6101 4007
4007 1331
1331 9188
9188 6165
6165 2368
2368 7426
7426 6293
6293 3298
3298 677
677 112
112 4144
4144 3180
3180 3997
3997 3812
3812 4352
4352 3680
3680 7966
7966 9087
9087 8684
8684 4574
4574 7079
7079 764
764 7314
7314 2779
2779 5568
5568 6957
6957 2641
2641 4372
4372 6548
6548 4725
4725 1788
1788 6436
6436 5123
5123 4433
4433 6870
6870 5513
5513 3630
3630 4602
4602 9788
9788 3154
3154 692
692 6965
6965 67
67 9284
9284 5620
5620 8949
8949 920
920 1361
1361 8972
8972 8349
8349 9818
9818 4386
4386 7668
7668 5564
5564 1069
1069 1450
1450 932
932 2011
2011 4769
4769 5107
5107 4036
4036 7384
7384 5669
5669 9753
9753 76
76 6450
6450 8386
8386 9150
9150 3642
3642 2823
2823 5501
5501 2441
2441 7678
7678 4321
4321 4275
4275 687
687 2813
2813 4636
4636 7689
7689 5536
5536 243
243 1208
1208 7567
7567 1800
1800 2766
2766 5982
5982 5005
5005 78
78 2444
2444 2720
2720 7594
7594 3625
3625 3047
3047 2201
2201 4406
4406 2928
2928 2684
2684 3338
3338 5560
5560 2042
2042 3910
3910 6844
6844 7920
7920 4213
4213 6050
6050 9692
9692 8237
8237 9623
9623 66
66 3515
3515 8716
8716 4858
4858 9616
9616 5609
5609 8467
8467 5700
5700 171
171 4532
4532 6726
6726 3867
3867 536
536 3580
3580 463
463 4785
4785 8408
8408 4575
4575 8723
8723 4728
4728 3746
3746 6147
6147 9454
9454 3707
3707 278
278 3128
3128 6332
6332 1897
1897 2383
2383 8610
8610 3880
3880 4185
4185 2691
2691 8037
8037 905
905 5020
5020 9814
9814 8491
8491 2527
2527 8462
8462 6106
6106 9843
9843 2034
2034 7224
7224 9065
9065 1145
1145 5040
5040 5487
5487 8852
8852 6787
6787 8125
8125 2674
2674 5098
5098 1449
1449 8174
8174 9403
9403 575
575 3390
3390 1561
1561 1721
1721 9437
9437 1038
1038 6038
6038 2512
2512 547
547 9318
9318 6678
6678 4524
4524 9675
9675 5234
5234 9686
9686 6227
6227 7595
7595 288
288 407
407 6036
6036 4033
4033 2930
2930 3819
3819 617
617 7985
7985 820
820 8428
8428 6044
6044 136
136 8967
8967 7949
7949 5315
5315 5581
5581 9122
9122 5205
5205 2057
2057 1050
1050 3558
3558 6622
6622 4975
4975 3199
3199 9488
9488 7838
7838 7125
7125 2739
2739 8565
8565 7792
7792 8601
8601 2256
2256 991
991 2399
2399 4053
4053 8378
8378 4766
4766 6033
6033 8787
8787 8357
8357 7086
7086 9303
9303 9820
9820 5709
5709 4109
4109 402
402 2187
2187 6717
6717 6786
6786 1240
1240 7664
7664 7844
7844 6743
6743 9607
9607 5980
5980 1341
1341 9084
9084 6099
6099 7059
7059 3408
3408 9489
9489 1207
1207 875
875 9481
9481 5073
5073 2706
2706 4501
4501 6298
6298 3101
3101 6628
6628 7600
7600 2770
2770 5367
5367 6481
6481 7247
7247 199
199 8193
8193 7332
7332 8101
8101 6068
6068 6236
6236 601
601 241
241 2282
2282 7923
7923 939
939 6064
6064 8044
8044 9337
9337 7117
7117 5573
5573 776
776 366
366 749
749 9640
9640 8480
8480 3306
3306 9259
9259 613
613 4984
4984 2355
2355 375
375 6412
6412 7016
7016 5665
5665 5004
5004 6087
6087 1353
1353 4246
4246 6098
6098 3632
3632 7692
7692 3888
3888 8808
8808 8822
8822 442
442 7716
7716 3714
3714 1572
1572 3508
3508 8126
8126 206
206 4882
4882 486
486 6358
6358 6719
6719 662
662 8886
8886 9163
9163 5128
5128 6069
6069 7926
7926 8887
8887 344
344 457
457 5656
5656 7501
7501 9545
9545 9429
9429 3083
3083 9410
9410 647
647 6872
6872 9734
9734 4545
4545 2139
2139 4703
4703 20
20 1301
1301 6258
6258 6748
6748 6349
6349 6363
6363 636
636 644
644 8186
8186 8758
8758 4085
4085 5802
5802 9635
9635 6460
6460 7067
7067 8180
8180 4288
4288 7292
7292 3316
3316 8422
8422 4170
4170 4016
4016 5622
5622 8171
8171 4800
4800 1088
1088 8948
8948 3627
3627 9215
9215 703
703 6843
6843 9775
9775 6474
6474 7239
7751 5792
1092 767
2840 7658
2440 7784
2247 8340
8604 1473
1696 8496
1479 5660
1575 704
2674 6513
7811 5869
6977 9434
2313 4393
2697 1204
7443 8930
6560 7055
5024 2244
9494 1470
6938 6259
9111 8455
8059 3310
9088 9517
2512 5847
9649 7790
2544 1381
8249 4264
8247 7545
442 5344
400 4604
4052 3295
1679 8697
621 7617
5199 7813
3879 3881
2555 7165
1086 3514
3643 9336
8138 7014
7323 9434
3992 4075
5851 6028
7654 5025
9886 4573
7 2684
9156 7934
2916 8178
31 1093
6989 492
1848 1709
9712 371
7017 1202
9055 4348
2827 812
3998 1640
6457 581
9070 1524
2750 7398
2543 1500
9107 2584
2347 2230
4783 5516
8129 6251
7730 282
6493 8277
8434 6965
7355 9191
9268 9061
9388 3019
6627 4374
5537 1717
5546 144
4961 421
6289 5892
6255 3625
2246 2255
8755 2817
6268 1504
6039 3495
8249 5378
1099 7660
3793 7509
8545 1992
2029 8812
5941 7992
9563 9380
6713 2040
6466 5121
9808 7828
5445 5112
919 92
5591 3580
7696 8707
5236 8867